10 | 83	10	128	16	8	12	2	12	13434814	7407494	866721	414276	19,6313	0,995237	-0,269943	-19,3613	19,3438	0,994826	19,3729	0,993846	0,522443	0,272946	10,2091
10 | 83	10	256	16	16	12	2	12	13434814	7407494	866721	805521	19,5435	0,99079	-0,526418	-19,0171	19,243	0,989644	19,2736	0,988755	0,534066	0,285226	28,0764
10 | 83	10	512	32	16	12	2	12	13434814	7407494	866721	1587509	19,3665	0,981816	-1,03893	-18,3276	19,04	0,979202	19,0739	0,97851	0,556401	0,309582	26,0059
10 | 83	10	1024	64	16	12	2	12	13434814	7407494	866721	3151098	19,0054	0,96351	-2,06316	-16,9423	18,6273	0,95798	18,6683	0,957701	0,598031	0,357641	29,4033
10 | 83	10	2048	64	32	12	2	12	13434814	7407494	866721	6277271	18,2544	0,925435	-4,11111	-14,1433	17,7725	0,914017	17,8294	0,914666	0,673394	0,453459	47,5724
10 | 83	15	256	16	16	12	3	12	13434809	7407489	17003179	667258	23,7409	0,988408	-0,445115	-23,2958	23,1362	0,98764	22,3222	0,988376	1,00581	1,01166	25,2381
12 | 33	10	128	16	8	12	2	12	7225550	7115412	889470	272066	19,6744	0,995538	-0,259835	-19,4146	19,5107	0,994674	19,3654	0,994833	0,486176	0,236367	7,72693
12 | 33	10	256	16	16	12	2	12	7225550	7115412	889470	542976	19,5865	0,99109	-0,518981	-19,0675	19,4058	0,989323	19,2653	0,989694	0,500949	0,25095	16,6543
12 | 33	10	512	32	16	12	2	12	7225550	7115412	889470	1084628	19,4087	0,982093	-1,03667	-18,372	19,1943	0,978542	19,0638	0,979342	0,528817	0,279647	17,4726
12 | 33	10	1024	64	16	12	2	12	7225550	7115412	889470	2167431	19,0459	0,963736	-2,07091	-16,975	18,7649	0,95665	18,6544	0,958309	0,579901	0,336285	17,8635
12 | 33	10	2048	64	32	12	2	12	7225550	7115412	889470	4332208	18,2901	0,925489	-4,13766	-14,1524	17,8761	0,911339	17,8072	0,914785	0,669646	0,448426	35,5753
12 | 33	15	256	16	16	12	3	12	7225545	7115407	12266604	459254	23,2868	0,988896	-0,447204	-22,8395	22,3902	0,988305	22,285	0,988405	0,974233	0,94913	18,4148
19 | 10	10	128	16	8	12	2	12	16040657	13434814	843854	556266	19,6007	0,995634	-0,258821	-19,3419	19,4375	0,994813	19,3438	0,994826	0,458329	0,210066	15,8749
19 | 10	10	256	16	16	12	2	12	16040657	13434814	843854	1111692	19,5142	0,991243	-0,517148	-18,9971	19,3357	0,989603	19,243	0,989644	0,474238	0,224902	38,9846
19 | 10	10	512	32	16	12	2	12	16040657	13434814	843854	2222300	19,3404	0,982413	-1,03428	-18,3061	19,1305	0,979105	19,04	0,979202	0,505121	0,255148	36,2985
19 | 10	10	1024	64	16	12	2	12	16040657	13434814	843854	4443134	18,9843	0,964323	-2,0665	-16,9178	18,7138	0,957776	18,6273	0,95798	0,560103	0,313715	36,4784
19 | 10	10	2048	64	32	12	2	12	16040657	13434814	843854	8884026	18,2424	0,926637	-4,13031	-14,1121	17,8512	0,91363	17,7725	0,914017	0,656127	0,430503	67,7195
19 | 10	15	256	16	16	12	3	12	16040652	13434809	22681261	943062	24,1453	0,988142	-0,446654	-23,6986	23,3657	0,987464	23,1362	0,98764	0,945667	0,894286	36,6309
19 | 29	10	128	16	8	12	2	12	16040657	14557580	858160	577350	19,6232	0,995551	-0,257479	-19,3657	19,4375	0,994813	19,419	0,994777	0,441541	0,194958	15,2701
19 | 29	10	256	16	16	12	2	12	16040657	14557580	858160	1150096	19,537	0,991176	-0,514174	-19,0228	19,3357	0,989603	19,3187	0,989635	0,458047	0,209807	37,5214
19 | 29	10	512	32	16	12	2	12	16040657	14557580	858160	2295302	19,3621	0,982307	-1,02659	-18,3356	19,1305	0,979105	19,1165	0,979278	0,488501	0,238634	39,6112
19 | 29	10	1024	64	16	12	2	12	16040657	14557580	858160	4585201	19,006	0,96424	-2,0512	-16,9548	18,7138	0,957776	18,7058	0,95824	0,544279	0,29624	39,222
19 | 29	10	2048	64	32	12	2	12	16040657	14557580	858160	9163716	18,2628	0,926534	-4,09773	-14,1651	17,8512	0,91363	17,856	0,914709	0,639668	0,409176	70,4825
19 | 29	15	256	16	16	12	3	12	16040652	14557575	22861023	977929	24,1568	0,988153	-0,446353	-23,7104	23,3657	0,987464	23,1405	0,987671	0,950619	0,903676	38,5166
19 | 40	10	128	16	8	12	2	12	16040657	13473535	963512	558733	19,7879	0,995471	-0,259411	-19,5285	19,4375	0,994813	19,7208	0,994516	0,456924	0,208779	15,2413
19 | 40	10	256	16	16	12	2	12	16040657	13473535	963512	1117232	19,6975	0,990925	-0,518872	-19,1787	19,3357	0,989603	19,6116	0,989007	0,473219	0,223937	35,9459
19 | 40	10	512	32	16	12	2	12	16040657	13473535	963512	2234155	19,5151	0,981747	-1,03762	-18,4775	19,1305	0,979105	19,3915	0,977907	0,504086	0,254103	36,2202
19 | 40	10	1024	64	16	12	2	12	16040657	13473535	963512	4467540	19,1433	0,963042	-2,07462	-17,0687	18,7138	0,957776	18,9446	0,95537	0,560468	0,314124	36,2228
19 | 40	10	2048	64	32	12	2	12	16040657	13473535	963512	8933252	18,3683	0,924055	-4,14641	-14,2219	17,8512	0,91363	18,0206	0,908777	0,657545	0,432365	81,9471
19 | 40	15	256	16	16	12	3	12	16040652	13473530	23652768	944018	24,2039	0,988097	-0,446547	-23,7574	23,3657	0,987464	23,1924	0,987602	0,96172	0,924905	40,3489
19 | 62	10	128	16	8	12	2	12	16040657	6918757	881189	434175	19,6598	0,995481	-0,257395	-19,4024	19,4375	0,994813	19,4423	0,994681	0,468989	0,219951	12,5944
19 | 62	10	256	16	16	12	2	12	16040657	6918757	881189	867233	19,5704	0,99095	-0,514187	-19,0562	19,3357	0,989603	19,3388	0,989387	0,482809	0,233105	29,8948
19 | 62	10	512	32	16	12	2	12	16040657	6918757	881189	1733165	19,3896	0,981797	-1,02741	-18,3622	19,1305	0,979105	19,1304	0,978722	0,509048	0,25913	30,3187
19 | 62	10	1024	64	16	12	2	12	16040657	6918757	881189	3464542	19,0218	0,963173	-2,05385	-16,9679	18,7138	0,957776	18,707	0,95706	0,558037	0,311405	30,3108
19 | 62	10	2048	64	32	12	2	12	16040657	6918757	881189	6926644	18,2554	0,924364	-4,10496	-14,1504	17,8512	0,91363	17,8302	0,912204	0,643915	0,414626	55,9256
19 | 62	15	256	16	16	12	3	12	16040652	6918752	18805100	735494	23,8796	0,988204	-0,443612	-23,436	23,3657	0,987464	22,3461	0,988278	1,01176	1,02367	34,6008
29 | 10	10	128	16	8	12	2	12	14557580	13434814	840731	530346	19,5946	0,995595	-0,259334	-19,3353	19,419	0,994777	19,3438	0,994826	0,461724	0,213189	15,0641
29 | 10	10	256	16	16	12	2	12	14557580	13434814	840731	1055570	19,509	0,991244	-0,516902	-18,9921	19,3187	0,989635	19,243	0,989644	0,477627	0,228128	36,4687
29 | 10	10	512	32	16	12	2	12	14557580	13434814	840731	2105624	19,3356	0,982438	-1,03128	-18,3044	19,1165	0,979278	19,04	0,979202	0,507351	0,257405	35,2672
29 | 10	10	1024	64	16	12	2	12	14557580	13434814	840731	4205285	18,9826	0,964502	-2,05998	-16,9227	18,7058	0,95824	18,6273	0,95798	0,562214	0,316084	35,6459
29 | 10	10	2048	64	32	12	2	12	14557580	13434814	840731	8403638	18,2454	0,927045	-4,11476	-14,1307	17,856	0,914709	17,7725	0,914017	0,656642	0,431179	66,23
29 | 10	15	256	16	16	12	3	12	14557575	13434809	21437651	895181	24,0668	0,988222	-0,446604	-23,6202	23,1405	0,987671	23,1362	0,98764	0,963549	0,928427	36,209
29 | 40	10	128	16	8	12	2	12	14557580	13473535	967722	532813	19,7934	0,99543	-0,260105	-19,5332	19,419	0,994777	19,7208	0,994516	0,472688	0,223434	15,3854
29 | 40	10	256	16	16	12	2	12	14557580	13473535	967722	1061110	19,7037	0,990922	-0,519	-19,1847	19,3187	0,989635	19,6116	0,989007	0,488472	0,238605	34,4256
29 | 40	10	512	32	16	12	2	12	14557580	13473535	967722	2117479	19,5217	0,981769	-1,03551	-18,4862	19,1165	0,979278	19,3915	0,977907	0,517455	0,26776	35,2562
29 | 40	10	1024	64	16	12	2	12	14557580	13473535	967722	4229691	19,1505	0,9631	-2,06757	-17,0829	18,7058	0,95824	18,9446	0,95537	0,570371	0,325323	35,6235
29 | 40	10	2048	64	32	12	2	12	14557580	13473535	967722	8452864	18,3784	0,924272	-4,13085	-14,2476	17,856	0,914709	18,0206	0,908777	0,663399	0,440098	66,786
29 | 40	15	256	16	16	12	3	12	14557575	13473530	21409612	896137	24,0651	0,988228	-0,446489	-23,6186	23,1405	0,987671	23,1924	0,987602	0,94797	0,898647	37,1769
29 | 56	10	128	16	8	12	2	12	14557580	7235005	895375	413570	19,6824	0,995459	-0,25853	-19,4238	19,419	0,994777	19,5035	0,994678	0,470208	0,221096	11,8902
29 | 56	10	256	16	16	12	2	12	14557580	7235005	895375	822574	19,5936	0,990968	-0,514714	-19,0788	19,3187	0,989635	19,3987	0,989335	0,484631	0,234867	27,478
29 | 56	10	512	32	16	12	2	12	14557580	7235005	895375	1640356	19,4143	0,981903	-1,02682	-18,3875	19,1165	0,979278	19,1876	0,978566	0,512147	0,262294	28,8745
29 | 56	10	1024	64	16	12	2	12	14557580	7235005	895375	3275454	19,0495	0,963454	-2,05092	-16,9986	18,7058	0,95824	18,7587	0,956693	0,563294	0,3173	27,8079
29 | 56	10	2048	64	32	12	2	12	14557580	7235005	895375	6544291	18,2905	0,925067	-4,0978	-14,1927	17,856	0,914709	17,8713	0,911439	0,653347	0,426862	55,0249
29 | 56	15	256	16	16	12	3	12	14557575	7235000	17014992	696730	23,7416	0,988398	-0,443905	-23,2977	23,1405	0,987671	22,4185	0,988279	0,980876	0,962118	29,7835
35 | 38	10	128	16	8	12	2	12	7451298	8249648	922982	297676	19,7267	0,995495	-0,259518	-19,4671	19,5448	0,994641	19,4674	0,994774	0,469685	0,220604	8,62962
35 | 38	10	256	16	16	12	2	12	7451298	8249648	922982	594765	19,6374	0,990989	-0,518875	-19,1185	19,439	0,989257	19,365	0,989545	0,48517	0,23539	21,1339
35 | 38	10	512	32	16	12	2	12	7451298	8249648	922982	1188721	19,4573	0,981903	-1,03741	-18,4199	19,226	0,978417	19,1588	0,979008	0,514726	0,264943	19,7264
35 | 38	10	1024	64	16	12	2	12	7451298	8249648	922982	2376101	19,0901	0,963373	-2,07349	-17,0166	18,7933	0,956398	18,7401	0,957613	0,568709	0,323429	20,456
35 | 38	10	2048	64	32	12	2	12	7451298	8249648	922982	4750350	18,3256	0,924789	-4,14465	-14,1809	17,898	0,910835	17,8737	0,913337	0,663141	0,439756	37,7303
35 | 38	15	256	16	16	12	3	12	7451293	8249643	13417249	502645	23,412	0,988784	-0,447018	-22,965	22,4529	0,988248	22,5131	0,988202	0,963849	0,929005	21,3786
40 | 10	10	128	16	8	12	2	12	13473535	13434814	963098	511729	19,7868	0,995448	-0,260551	-19,5263	19,7208	0,994516	19,3438	0,994826	0,504532	0,254552	14,9987
40 | 10	10	256	16	16	12	2	12	13473535	13434814	963098	1022706	19,6963	0,990894	-0,521062	-19,1753	19,6116	0,989007	19,243	0,989644	0,518679	0,269028	35,288
40 | 10	10	512	32	16	12	2	12	13473535	13434814	963098	2044477	19,5134	0,981691	-1,0417	-18,4717	19,3915	0,977907	19,04	0,979202	0,545595	0,297674	35,3334
40 | 10	10	1024	64	16	12	2	12	13473535	13434814	963098	4087624	19,1406	0,962935	-2,08251	-17,0581	18,9446	0,95537	18,6273	0,95798	0,595519	0,354643	35,9879
40 | 10	10	2048	64	32	12	2	12	13473535	13434814	963098	8173174	18,3645	0,92389	-4,16318	-14,2013	18,0206	0,908777	17,7725	0,914017	0,684031	0,467898	67,2657
40 | 10	15	256	16	16	12	3	12	13473530	13434809	22133843	861270	24,1112	0,988173	-0,446991	-23,6642	23,1924	0,987602	23,1362	0,98764	0,973068	0,946861	37,167
40 | 38	10	128	16	8	12	2	12	13473535	8249648	980025	412635	19,8108	0,995396	-0,259457	-19,5514	19,7208	0,994516	19,4674	0,994774	0,465557	0,216743	11,8582
40 | 38	10	256	16	16	12	2	12	13473535	8249648	980025	824669	19,7191	0,990788	-0,51885	-19,2003	19,6116	0,989007	19,365	0,989545	0,480437	0,230819	27,8162
40 | 38	10	512	32	16	12	2	12	13473535	8249648	980025	1648694	19,5335	0,981463	-1,03704	-18,4965	19,3915	0,977907	19,1588	0,979008	0,508317	0,258386	29,1699
40 | 38	10	1024	64	16	12	2	12	13473535	8249648	980025	3296115	19,1551	0,962447	-2,07236	-17,0827	18,9446	0,95537	18,7401	0,957613	0,559221	0,312728	32,6256
40 | 38	10	2048	64	32	12	2	12	13473535	8249648	980025	6590253	18,3681	0,922906	-4,14232	-14,2258	18,0206	0,908777	17,8737	0,913337	0,648808	0,420952	54,7733
40 | 38	15	256	16	16	12	3	12	13473530	8249643	18011508	695133	23,8221	0,98837	-0,445553	-23,3765	23,1924	0,987602	22,5131	0,988202	0,984564	0,969365	29,427
41 | 10	10	128	16	8	12	2	12	14782116	13434814	845863	539131	19,6025	0,995553	-0,26156	-19,3409	19,4114	0,994672	19,3438	0,994826	0,474268	0,22493	16,0718
41 | 10	10	256	16	16	12	2	12	14782116	13434814	845863	1067669	19,5167	0,991197	-0,518585	-18,9982	19,3115	0,989555	19,243	0,989644	0,489378	0,239491	36,7593
41 | 10	10	512	32	16	12	2	12	14782116	13434814	845863	2123902	19,3437	0,982409	-1,03212	-18,3116	19,1105	0,979257	19,04	0,979202	0,518119	0,268447	36,8503
41 | 10	10	1024	64	16	12	2	12	14782116	13434814	845863	4235718	18,9908	0,964484	-2,05847	-16,9323	18,7024	0,958344	18,6273	0,95798	0,570876	0,325899	37,7448
41 | 10	10	2048	64	32	12	2	12	14782116	13434814	845863	8458433	18,2548	0,927108	-4,1096	-14,1452	17,858	0,915075	17,7725	0,914017	0,663003	0,439573	69,2674
41 | 10	15	256	16	16	12	3	12	14782111	13434809	21283641	902748	24,0566	0,988224	-0,44676	-23,6098	23,1898	0,987616	23,1362	0,98764	0,945284	0,893562	40,9228
41 | 19	10	128	16	8	12	2	12	14782116	16040657	855274	586135	19,6177	0,995516	-0,259411	-19,3583	19,4114	0,994672	19,4375	0,994813	0,439609	0,193256	18,5924
41 | 19	10	256	16	16	12	2	12	14782116	16040657	855274	1162195	19,5311	0,991124	-0,515171	-19,0159	19,3115	0,989555	19,3357	0,989603	0,455561	0,207536	40,4595
41 | 19	10	512	32	16	12	2	12	14782116	16040657	855274	2313580	19,3574	0,982306	-1,02715	-18,3302	19,1105	0,979257	19,1305	0,979105	0,486645	0,236823	40,6871
41 | 19	10	1024	64	16	12	2	12	14782116	16040657	855274	4615634	19,0025	0,964301	-2,04993	-16,9526	18,7024	0,958344	18,7138	0,957776	0,542636	0,294454	43,2163
41 | 19	10	2048	64	32	12	2	12	14782116	16040657	855274	9218511	18,2614	0,926689	-4,09211	-14,1692	17,858	0,915075	17,8512	0,91363	0,637765	0,406744	88,5371
41 | 19	15	256	16	16	12	3	12	14782111	16040652	22751593	985496	24,1498	0,988149	-0,446404	-23,7034	23,1898	0,987616	23,3657	0,987464	0,933861	0,872096	42,4871
41 | 29	10	128	16	8	12	2	12	14782116	14557580	859258	560215	19,617	0,995146	-0,253636	-19,3634	19,4114	0,994672	19,419	0,994777	0,449272	0,201845	16,086
41 | 29	10	256	16	16	12	2	12	14782116	14557580	859258	1106073	19,526	0,990526	-0,503452	-19,0225	19,3115	0,989555	19,3187	0,989635	0,459233	0,210895	38,5402
41 | 29	10	512	32	16	12	2	12	14782116	14557580	859258	2196904	19,3474	0,981468	-1,00766	-18,3398	19,1105	0,979257	19,1165	0,979278	0,483652	0,233919	38,0266
41 | 29	10	1024	64	16	12	2	12	14782116	14557580	859258	4377785	18,9851	0,963086	-2,01679	-16,9683	18,7024	0,958344	18,7058	0,95824	0,530064	0,280968	38,4383
41 | 29	10	2048	64	32	12	2	12	14782116	14557580	859258	8738123	18,2268	0,924619	-4,02924	-14,1975	17,858	0,915075	17,856	0,914709	0,60807	0,369749	71,7437
41 | 29	15	256	16	16	12	3	12	14782111	14557575	19529691	937615	23,9363	0,98832	-0,445744	-23,4905	23,1898	0,987616	23,1405	0,987671	0,87814	0,771129	41,4684
41 | 40	10	128	16	8	12	2	12	14782116	13473535	966234	541598	19,7903	0,995387	-0,262178	-19,5281	19,4114	0,994672	19,7208	0,994516	0,473509	0,224211	16,0261
41 | 40	10	256	16	16	12	2	12	14782116	13473535	966234	1073209	19,7006	0,990876	-0,520375	-19,1802	19,3115	0,989555	19,6116	0,989007	0,488951	0,239073	36,4709
41 | 40	10	512	32	16	12	2	12	14782116	13473535	966234	2135757	19,5192	0,981751	-1,03588	-18,4833	19,1105	0,979257	19,3915	0,977907	0,517872	0,268191	37,4564
41 | 40	10	1024	64	16	12	2	12	14782116	13473535	966234	4260124	19,1496	0,963162	-2,06629	-17,0833	18,7024	0,958344	18,9446	0,95537	0,571077	0,326129	37,3403
41 | 40	10	2048	64	32	12	2	12	14782116	13473535	966234	8507659	18,3794	0,924423	-4,12469	-14,2547	17,858	0,915075	18,0206	0,908777	0,66337	0,44006	70,4376
41 | 40	15	256	16	16	12	3	12	14782111	13473530	21574589	903704	24,0757	0,988213	-0,446645	-23,629	23,1898	0,987616	23,1924	0,987602	0,940516	0,884571	37,3525
41 | 79	10	128	16	8	12	2	12	14782116	6886923	877847	418758	19,652	0,995362	-0,262573	-19,3895	19,4114	0,994672	19,4328	0,99454	0,479545	0,229963	11,3032
41 | 79	10	256	16	16	12	2	12	14782116	6886923	877847	824181	19,564	0,990902	-0,517913	-19,0461	19,3115	0,989555	19,3296	0,989257	0,493415	0,243458	28,5967
41 | 79	10	512	32	16	12	2	12	14782116	6886923	877847	1634318	19,386	0,981888	-1,02767	-18,3583	19,1105	0,979257	19,1216	0,978611	0,519579	0,269963	29,0887
41 | 79	10	1024	64	16	12	2	12	14782116	6886923	877847	3254058	19,023	0,963501	-2,04623	-16,9768	18,7024	0,958344	18,6988	0,956977	0,567785	0,32238	28,4471
41 | 79	10	2048	64	32	12	2	12	14782116	6886923	877847	6492121	18,2677	0,925246	-4,08188	-14,1858	17,858	0,915075	17,8241	0,912211	0,653178	0,426642	54,4072
41 | 79	15	256	16	16	12	3	12	14782111	6886918	17255011	696227	23,759	0,988289	-0,445299	-23,3137	23,1898	0,987616	22,3302	0,988136	0,999498	0,998995	29,808
45 | 46	10	128	16	8	12	2	12	7649851	6885083	885173	275217	19,668	0,995568	-0,259659	-19,4084	19,4175	0,994817	19,4257	0,994734	0,496413	0,246426	8,34146
45 | 46	10	256	16	16	12	2	12	7649851	6885083	885173	549771	19,5801	0,991116	-0,518609	-19,0615	19,3163	0,989634	19,3225	0,989446	0,510577	0,260689	19,1079
45 | 46	10	512	32	16	12	2	12	7649851	6885083	885173	1098729	19,4031	0,982158	-1,03683	-18,3663	19,1125	0,979189	19,1145	0,978795	0,538197	0,289656	18,9176
45 | 46	10	1024	64	16	12	2	12	7649851	6885083	885173	2196115	19,0418	0,96387	-2,07196	-16,9699	18,6984	0,957977	18,6919	0,957157	0,58879	0,346674	18,9133
45 | 46	10	2048	64	32	12	2	12	7649851	6885083	885173	4390115	18,2901	0,925819	-4,14171	-14,1484	17,8415	0,914076	17,8171	0,912362	0,678804	0,460775	34,7796
45 | 46	15	256	16	16	12	3	12	7649846	6885078	12446176	465330	23,3071	0,988879	-0,447025	-22,8601	22,409	0,988296	22,3325	0,98836	0,967644	0,936335	19,1981
47 | 52	10	128	16	8	12	2	12	7161141	8323760	902931	293336	19,6961	0,995543	-0,25973	-19,4363	19,5061	0,994675	19,4346	0,9948	0,475083	0,225704	8,32722
47 | 52	10	256	16	16	12	2	12	7161141	8323760	902931	586566	19,6076	0,991069	-0,519524	-19,088	19,4012	0,989324	19,3326	0,989578	0,490583	0,240672	20,1731
47 | 52	10	512	32	16	12	2	12	7161141	8323760	902931	1172664	19,4283	0,98201	-1,03809	-18,3903	19,1899	0,978549	19,1271	0,979059	0,519472	0,269851	19,1413
47 | 52	10	1024	64	16	12	2	12	7161141	8323760	902931	2344631	19,064	0,963596	-2,07577	-16,9883	18,7606	0,956659	18,7096	0,957688	0,57352	0,328925	19,2745
47 | 52	10	2048	64	32	12	2	12	7161141	8323760	902931	4687681	18,3021	0,925084	-4,14661	-14,1555	17,8722	0,911354	17,8457	0,913467	0,665719	0,443182	36,6289
47 | 52	15	256	16	16	12	3	12	7161136	8323755	13736630	495866	23,4447	0,988747	-0,447058	-22,9976	22,3972	0,988297	22,5593	0,988154	0,983093	0,966472	20,1301
56 | 62	10	128	16	8	12	2	12	7235005	6918757	866860	270395	19,6373	0,99553	-0,26158	-19,3757	19,5035	0,994678	19,4423	0,994681	0,405426	0,16437	7,66026
56 | 62	10	256	16	16	12	2	12	7235005	6918757	866860	539711	19,5497	0,991089	-0,522852	-19,0268	19,3987	0,989335	19,3388	0,989387	0,425306	0,180885	18,4481
56 | 62	10	512	32	16	12	2	12	7235005	6918757	866860	1078219	19,3721	0,982089	-1,04454	-18,3276	19,1876	0,978566	19,1304	0,978722	0,461694	0,213162	17,6274
56 | 62	10	1024	64	16	12	2	12	7235005	6918757	866860	2154795	19,0101	0,963733	-2,0871	-16,923	18,7587	0,956693	18,707	0,95706	0,526527	0,277231	18,1926
56 | 62	10	2048	64	32	12	2	12	7235005	6918757	866860	4307219	18,2555	0,925479	-4,17099	-14,0845	17,8713	0,911439	17,8302	0,912204	0,636156	0,404695	34,12
56 | 62	15	256	16	16	12	3	12	7235000	6918752	9606994	454295	22,9447	0,989182	-0,448072	-22,4967	22,4185	0,988279	22,3461	0,988278	0,749947	0,56242	18,3937
69 | 71	10	128	16	8	12	2	12	7836298	7783334	833818	294656	19,584	0,995661	-0,258972	-19,3251	19,4474	0,994775	19,0483	0,995079	0,579799	0,336167	8,43787
69 | 71	10	256	16	16	12	2	12	7836298	7783334	833818	588266	19,4986	0,991317	-0,517124	-18,9815	19,3455	0,989563	18,9538	0,99014	0,59071	0,348938	20,0994
69 | 71	10	512	32	16	12	2	12	7836298	7783334	833818	1175289	19,326	0,982544	-1,03313	-18,2929	19,1403	0,979066	18,7631	0,980181	0,611815	0,374318	19,9619
69 | 71	10	1024	64	16	12	2	12	7836298	7783334	833818	2348851	18,9732	0,964606	-2,06343	-16,9098	18,7234	0,957739	18,3756	0,959938	0,65093	0,42371	21,0797
69 | 71	10	2048	64	32	12	2	12	7836298	7783334	833818	4694868	18,2375	0,927203	-4,12199	-14,1155	17,861	0,913624	17,5717	0,917941	0,721921	0,52117	38,6786
69 | 71	15	256	16	16	12	3	12	7836293	7783329	12890290	500285	23,356	0,988831	-0,447271	-22,9087	22,426	0,988277	22,4521	0,988241	0,957557	0,916916	20,5919
72 | 73	10	128	16	8	12	2	12	7485504	7021143	871757	276265	19,6459	0,995559	-0,261165	-19,3848	19,5017	0,99468	19,4741	0,994705	0,397538	0,158036	8,02578
72 | 73	10	256	16	16	12	2	12	7485504	7021143	871757	552371	19,5578	0,991095	-0,522196	-19,0356	19,3969	0,989338	19,37	0,989385	0,417586	0,174378	17,8536
72 | 73	10	512	32	16	12	2	12	7485504	7021143	871757	1104323	19,3797	0,982067	-1,04359	-18,3361	19,1859	0,978575	19,1603	0,978673	0,454528	0,206596	18,106
72 | 73	10	1024	64	16	12	2	12	7485504	7021143	871757	2208146	19,0162	0,963647	-2,08587	-16,9303	18,7572	0,956706	18,7341	0,956905	0,520165	0,270572	18,0206
72 | 73	10	2048	64	32	12	2	12	7485504	7021143	871757	4414549	18,2587	0,925261	-4,16848	-14,0902	17,8702	0,911468	17,8522	0,911857	0,630495	0,397523	34,4153
72 | 73	15	256	16	16	12	3	12	7485499	7021138	9895538	464398	22,9867	0,989173	-0,446917	-22,5398	22,4246	0,98828	22,3856	0,988315	0,762656	0,581645	19,2174
76 | 79	10	128	16	8	12	2	12	7226972	6886923	883360	290406	19,6546	0,995036	-0,279206	-19,3754	19,3397	0,993849	19,4328	0,99454	0,518007	0,268332	8,04926
76 | 79	10	256	16	16	12	2	12	7226972	6886923	883360	555206	19,5678	0,99064	-0,536915	-19,0308	19,2411	0,98878	19,3296	0,989257	0,531439	0,282427	17,2395
76 | 79	10	512	32	16	12	2	12	7226972	6886923	883360	1084130	19,3924	0,981761	-1,05131	-18,3411	19,0429	0,978594	19,1216	0,978611	0,556911	0,31015	17,1598
76 | 79	10	1024	64	16	12	2	12	7226972	6886923	883360	2141750	19,0355	0,963696	-2,08033	-16,9552	18,6402	0,957902	18,6988	0,956977	0,60499	0,366012	17,6998
76 | 79	10	2048	64	32	12	2	12	7226972	6886923	883360	4255570	18,2903	0,925969	-4,13417	-14,1562	17,8073	0,915097	17,8241	0,912211	0,688944	0,474644	33,1765
76 | 79	15	256	16	16	12	3	12	7226967	6886918	11910750	454850	23,2434	0,988837	-0,449429	-22,7939	22,2621	0,988439	22,3302	0,988136	0,973264	0,947244	18,5417
82 | 83	10	128	16	8	12	2	12	7460467	7407494	867644	300301	19,6271	0,994946	-0,270114	-19,3569	19,4316	0,994799	19,3729	0,993846	0,474175	0,224842	7,418
82 | 83	10	256	16	16	12	2	12	7460467	7407494	867644	577608	19,5402	0,990545	-0,525312	-19,0149	19,3301	0,989603	19,2736	0,988755	0,488244	0,238382	18,0122
82 | 83	10	512	32	16	12	2	12	7460467	7407494	867644	1131708	19,3663	0,981727	-1,03634	-18,3299	19,1257	0,979139	19,0739	0,97851	0,516225	0,266489	18,5787
82 | 83	10	1024	64	16	12	2	12	7460467	7407494	867644	2239598	19,0097	0,96365	-2,05582	-16,9539	18,7104	0,957878	18,6683	0,957701	0,565993	0,320348	18,0067
82 | 83	10	2048	64	32	12	2	12	7460467	7407494	867644	4454007	18,2701	0,92616	-4,09552	-14,1746	17,8512	0,913893	17,8294	0,914666	0,655605	0,429818	34,9656
82 | 83	15	256	16	16	12	3	12	7460462	7407489	11790868	475952	23,2316	0,988952	-0,447054	-22,7846	22,3921	0,988308	22,3222	0,988376	0,935152	0,874509	18,801
89 | 92	10	128	16	8	12	2	12	7252880	8734375	913248	304393	19,7116	0,995504	-0,26097	-19,4507	19,5048	0,994602	19,4797	0,99476	0,468399	0,219398	8,57778
89 | 92	10	256	16	16	12	2	12	7252880	8734375	913248	607165	19,6228	0,991016	-0,520745	-19,102	19,4	0,989258	19,3766	0,989497	0,484199	0,234449	20,9291
89 | 92	10	512	32	16	12	2	12	7252880	8734375	913248	1212597	19,4433	0,981952	-1,04006	-18,4032	19,1889	0,978494	19,1689	0,97889	0,51419	0,264391	20,5261
89 | 92	10	1024	64	16	12	2	12	7252880	8734375	913248	2423085	19,0769	0,96345	-2,07753	-16,9994	18,76	0,95662	18,7471	0,957353	0,568668	0,323383	20,3971
89 | 92	10	2048	64	32	12	2	12	7252880	8734375	913248	4843122	18,3149	0,924962	-4,15189	-14,163	17,8726	0,911369	17,8743	0,912781	0,664391	0,441416	38,4283
89 | 92	15	256	16	16	12	3	12	7252875	8734370	13967704	513170	23,4671	0,988689	-0,447886	-23,0192	22,421	0,988189	22,6097	0,988113	0,975601	0,951797	20,7312
96 | 98	10	128	16	8	12	2	12	8690638	6985375	918995	296986	19,7211	0,995527	-0,259818	-19,4613	19,4743	0,994764	19,4822	0,994698	0,492776	0,242828	8,14504
96 | 98	10	256	16	16	12	2	12	8690638	6985375	918995	593832	19,632	0,991031	-0,519527	-19,1125	19,3714	0,989506	19,3779	0,98937	0,507341	0,257395	20,0221
96 | 98	10	512	32	16	12	2	12	8690638	6985375	918995	1187268	19,4524	0,981962	-1,03874	-18,4136	19,164	0,978913	19,1677	0,978642	0,535261	0,286504	19,5535
96 | 98	10	1024	64	16	12	2	12	8690638	6985375	918995	2373877	19,0862	0,963477	-2,07668	-17,0095	18,7428	0,957395	18,7408	0,956843	0,58687	0,344417	20,4028
96 | 98	10	2048	64	32	12	2	12	8690638	6985375	918995	4746249	18,3236	0,924979	-4,15116	-14,1724	17,8712	0,912877	17,857	0,91172	0,67783	0,459454	38,4751
96 | 98	15	256	16	16	12	3	12	8690633	6985370	13664881	502100	23,4372	0,988745	-0,447005	-22,9902	22,5885	0,988123	22,3631	0,988327	0,980508	0,961397	20,4962
GCF_0010.fna | GCF_0083.fna	10	128	16	8	12	3	12	13434814	7407494	866721	351457	19.6495	0.996164	-0.233044	-19.4165	19.3655	0.995943	19.3899	0.994721	0.521395	0.271852	11.7405
