10	10	32	8	4	12	13434814	26023	713413	19,4364	0,999592	0,0270052	19,4094	0,0733475	0,079188	26272	720403	18,0233	0,926245	0,0272432	17,996	29,3935
10	10	64	8	8	12	13434814	46621	713413	19,4308	0,9993	0,0490013	19,3818	0,0730557	0,078873	47125	720403	18,0233	0,926245	0,0494874	17,9738	32,045
10	10	64	16	4	12	13434814	46426	713413	19,4308	0,999304	0,0488128	19,382	0,0730594	0,078877	47125	720403	18,0233	0,926245	0,0494874	17,9738	34,0018
10	10	128	8	16	12	13434814	84577	713413	19,4206	0,998779	0,0898668	19,3308	0,0725341	0,0783099	85173	720403	18,0233	0,926245	0,0904479	17,9328	43,271
10	10	128	16	8	12	13434814	84292	713413	19,4207	0,998784	0,089588	19,3311	0,0725394	0,0783156	85173	720403	18,0233	0,926245	0,0904479	17,9328	33,1544
10	10	256	16	16	12	13434814	150419	713413	19,404	0,997923	0,161758	19,2422	0,0716779	0,0773855	151271	720403	18,0233	0,926245	0,162603	17,8607	44,6281
10	10	512	32	16	12	13434814	263168	713413	19,3772	0,996545	0,28674	19,0905	0,0703004	0,0758983	264841	720403	18,0233	0,926245	0,288429	17,7349	43,3837
10	10	1024	32	32	12	13434814	455664	713413	19,3344	0,994343	0,503409	18,831	0,0680987	0,0735213	456866	720403	18,0233	0,926245	0,504643	17,5186	52,5614
10	10	1024	64	16	12	13434814	454533	713413	19,3347	0,994362	0,502246	18,8325	0,0681171	0,0735411	456866	720403	18,0233	0,926245	0,504643	17,5186	42,8356
10	10	2048	64	32	12	13434814	777107	713413	19,2682	0,990938	0,871425	18,3967	0,0646931	0,0698445	779536	720403	18,0233	0,926245	0,873971	17,1493	51,848
10	15	32	8	4	12	13434809	4017	11268484	23,4236	0,999908	0,00441741	23,4192	0,00511105	0,00513778	4042	11426941	23,3239	0,994797	0,00444844	23,3195	57,0383
10	15	64	8	8	12	13434809	5447	11268484	23,4232	0,99989	0,006354	23,4169	0,00509365	0,0051203	5461	11426941	23,3239	0,994797	0,00637156	23,3176	62,6868
10	15	64	16	4	12	13434809	5437	11268484	23,4232	0,999891	0,00634149	23,4169	0,00509382	0,00512046	5461	11426941	23,3239	0,994797	0,00637156	23,3176	62,8815
10	15	128	8	16	12	13434809	7936	11268484	23,4226	0,999862	0,00976206	23,4128	0,00506493	0,00509142	7952	11426941	23,3239	0,994797	0,00978237	23,3142	72,8924
10	15	128	16	8	12	13434809	7904	11268484	23,4226	0,999862	0,00972131	23,4128	0,00506542	0,00509192	7952	11426941	23,3239	0,994797	0,00978237	23,3142	65,4195
10	15	256	16	16	12	13434809	11869	11268484	23,4216	0,99982	0,0152447	23,4063	0,00502354	0,00504982	11917	11426941	23,3239	0,994797	0,0153072	23,3086	75,2351
10	15	512	32	16	12	13434809	17673	11268484	23,4203	0,999767	0,0235253	23,3968	0,00497019	0,00499618	17771	11426941	23,3239	0,994797	0,0236558	23,3003	71,5758
10	15	1024	32	32	12	13434809	26697	11268484	23,4186	0,999694	0,0366449	23,382	0,00489706	0,00492267	26770	11426941	23,3239	0,994797	0,0367441	23,2872	88,0325
10	15	1024	64	16	12	13434809	26573	11268484	23,4187	0,999695	0,0364763	23,3822	0,00489852	0,00492414	26770	11426941	23,3239	0,994797	0,0367441	23,2872	73,1956
10	15	2048	64	32	12	13434809	40664	11268484	23,4163	0,999596	0,0573368	23,359	0,00479903	0,00482413	40801	11426941	23,3239	0,994797	0,0575265	23,2664	93,91
14	10	32	8	4	12	8808850	32469	612796	19,2073	0,999079	0,0479194	19,1594	0,0787802	0,0856029	33511	606631	17,6794	0,920299	0,0493298	17,63	22,7005
14	10	64	8	8	12	8808850	56566	612796	19,1955	0,998465	0,0848582	19,1107	0,0781664	0,084936	57234	606631	17,6794	0,920299	0,0857821	17,5936	21,8663
14	10	64	16	4	12	8808850	56253	612796	19,1957	0,998475	0,0844227	19,1113	0,0781767	0,0849471	57234	606631	17,6794	0,920299	0,0857821	17,5936	20,1244
14	10	128	8	16	12	8808850	96682	612796	19,1771	0,997504	0,147579	19,0295	0,0772059	0,0838922	96941	606631	17,6794	0,920299	0,147946	17,5314	28,6207
14	10	128	16	8	12	8808850	96396	612796	19,1772	0,997513	0,147173	19,0301	0,0772148	0,0839019	96941	606631	17,6794	0,920299	0,147946	17,5314	21,5673
14	10	256	16	16	12	8808850	162724	612796	19,1487	0,996028	0,252962	18,8957	0,0757292	0,0822876	163743	606631	17,6794	0,920299	0,25443	17,4249	30,6777
14	10	512	32	16	12	8808850	273389	612796	19,104	0,993704	0,432711	18,6713	0,0734051	0,0797623	275199	606631	17,6794	0,920299	0,435384	17,244	30,3088
14	10	1024	32	32	12	8808850	451586	612796	19,0377	0,990256	0,7285	18,3092	0,0699574	0,0760159	452834	606631	17,6794	0,920299	0,730388	16,949	32,8112
14	10	1024	64	16	12	8808850	450155	612796	19,0384	0,990294	0,726332	18,3121	0,0699954	0,0760573	452834	606631	17,6794	0,920299	0,730388	16,949	26,5069
14	10	2048	64	32	12	8808850	732335	612796	18,9426	0,985308	1,20547	17,7371	0,0650099	0,07064	734804	606631	17,6794	0,920299	1,20931	16,4701	32,7906
14	15	32	8	4	12	8808845	4751	7669859	22,8666	0,999818	0,00741069	22,8592	0,00494296	0,00496842	4883	7542159	22,7295	0,994875	0,00765377	22,7218	35,5553
14	15	64	8	8	12	8808845	5768	7669859	22,8662	0,999801	0,00948964	22,8567	0,00492543	0,0049508	5830	7542159	22,7295	0,994875	0,00960722	22,7199	37,9281
14	15	64	16	4	12	8808845	5750	7669859	22,8662	0,999801	0,00945504	22,8568	0,00492583	0,0049512	5830	7542159	22,7295	0,994875	0,00960722	22,7199	36,2186
14	15	128	8	16	12	8808845	7270	7669859	22,8657	0,999778	0,0126434	22,8531	0,00490303	0,00492829	7288	7542159	22,7295	0,994875	0,0126787	22,7168	44,4954
14	15	128	16	8	12	8808845	7247	7669859	22,8657	0,999779	0,0125982	22,8531	0,0049035	0,00492876	7288	7542159	22,7295	0,994875	0,0126787	22,7168	37,1453
14	15	256	16	16	12	8808845	9586	7669859	22,865	0,999748	0,0176092	22,8474	0,00487275	0,00489785	9618	7542159	22,7295	0,994875	0,017673	22,7118	44,2021
14	15	512	32	16	12	8808845	13400	7669859	22,864	0,999703	0,0259087	22,8381	0,00482785	0,00485271	13437	7542159	22,7295	0,994875	0,0259837	22,7035	44,1358
14	15	1024	32	32	12	8808845	19819	7669859	22,8624	0,999635	0,0400591	22,8224	0,00475954	0,00478405	19869	7542159	22,7295	0,994875	0,0401619	22,6893	53,1573
14	15	1024	64	16	12	8808845	19794	7669859	22,8624	0,999635	0,0400077	22,8224	0,00475995	0,00478447	19869	7542159	22,7295	0,994875	0,0401619	22,6893	43,3017
14	15	2048	64	32	12	8808845	30602	7669859	22,8601	0,999532	0,064138	22,7959	0,00465686	0,00468085	30666	7542159	22,7295	0,994875	0,0642715	22,6652	56,094
15	10	32	8	4	12	11584384	13452	967092	19,8777	0,999717	0,0158318	19,8618	0,0320417	0,033112	13493	953971	19,2215	0,967675	0,0158821	19,2056	27,4879
15	10	64	8	8	12	11584384	20447	967092	19,876	0,999631	0,0253074	19,8506	0,0319558	0,0330232	20498	953971	19,2215	0,967675	0,0253704	19,1961	28,2194
15	10	64	16	4	12	11584384	20319	967092	19,876	0,999633	0,0251493	19,8509	0,0319581	0,0330256	20498	953971	19,2215	0,967675	0,0253704	19,1961	26,6431
15	10	128	8	16	12	11584384	33043	967092	19,873	0,999484	0,0425344	19,8305	0,0318088	0,0328713	33136	953971	19,2215	0,967675	0,0426505	19,1788	36,3988
15	10	128	16	8	12	11584384	32906	967092	19,8731	0,999486	0,0423633	19,8307	0,0318111	0,0328738	33136	953971	19,2215	0,967675	0,0426505	19,1788	28,6091
15	10	256	16	16	12	11584384	55565	967092	19,8681	0,999236	0,0736506	19,7944	0,0315605	0,0326148	55816	953971	19,2215	0,967675	0,073967	19,1475	36,3668
15	10	512	32	16	12	11584384	95257	967092	19,86	0,998827	0,12911	19,7309	0,0311514	0,032192	95666	953971	19,2215	0,967675	0,129634	19,0919	36,3761
15	10	1024	32	32	12	11584384	163069	967092	19,8473	0,998187	0,225189	19,6221	0,0305121	0,0315314	163431	953971	19,2215	0,967675	0,22566	18,9958	45,2846
15	10	1024	64	16	12	11584384	162447	967092	19,8474	0,998196	0,224379	19,6231	0,0305213	0,0315408	163431	953971	19,2215	0,967675	0,22566	18,9958	36,2047
15	10	2048	64	32	12	11584384	276184	967092	19,8283	0,997232	0,388011	19,4403	0,0295571	0,0305445	277107	953971	19,2215	0,967675	0,389234	18,8323	47,6185
15	15	32	8	4	12	11584379	8519	10985509	23,3827	0,999727	0,00975089	23,373	0,0023194	0,00232543	8541	10893541	23,3164	0,997407	0,00978098	23,3066	47,4254
15	15	64	8	8	12	11584379	10491	10985509	23,3819	0,999694	0,0127317	23,3692	0,00228692	0,00229287	10548	10893541	23,3164	0,997407	0,0128116	23,3035	48,1499
15	15	64	16	4	12	11584379	10394	10985509	23,382	0,999696	0,0125954	23,3694	0,00228895	0,0022949	10548	10893541	23,3164	0,997407	0,0128116	23,3035	46,9622
15	15	128	8	16	12	11584379	13406	10985509	23,3809	0,999651	0,0172462	23,3637	0,00224346	0,00224929	13441	10893541	23,3164	0,997407	0,0172967	23,2991	56,6029
15	15	128	16	8	12	11584379	13265	10985509	23,381	0,999653	0,0170433	23,364	0,00224621	0,00225204	13441	10893541	23,3164	0,997407	0,0172967	23,2991	49,2969
15	15	256	16	16	12	11584379	17617	10985509	23,3796	0,999595	0,0239404	23,3557	0,00218784	0,00219352	17666	10893541	23,3164	0,997407	0,024013	23,2923	57,279
15	15	512	32	16	12	11584379	24076	10985509	23,3778	0,999519	0,0344227	23,3434	0,00211134	0,00211683	24212	10893541	23,3164	0,997407	0,0346283	23,2817	57,61
15	15	1024	32	32	12	11584379	33797	10985509	23,3755	0,999417	0,0505355	23,3249	0,00200986	0,00201509	33974	10893541	23,3164	0,997407	0,0508112	23,2655	69,7679
15	15	1024	64	16	12	11584379	33612	10985509	23,3755	0,99942	0,0502481	23,3253	0,00201256	0,0020178	33974	10893541	23,3164	0,997407	0,0508112	23,2655	57,5884
15	15	2048	64	32	12	11584379	46351	10985509	23,373	0,999313	0,0720267	23,301	0,00190591	0,00191086	46497	10893541	23,3164	0,997407	0,0722616	23,2441	69,351
