29	10	32	8	4	11	2	12	17670362	14557580	138170	752321	19,4605	0,996902	-0,11123	-19,3493	0,0947772	68874	764934	17,7976	0,910598	-0,0601697	-17,7374	4,85213
29	10	32	8	4	12	2	12	17323633	14557580	71912	752321	19,4941	0,998625	-0,0625346	-19,4316	0,0966694	68874	764934	17,7976	0,910598	-0,0601697	-17,7374	4,57037
29	10	32	8	4	12	3	12	21488509	14557580	68104	752321	19,4959	0,998715	-0,0595619	-19,4363	0,0967683	68874	764934	17,7976	0,910598	-0,0601697	-17,7374	5,47343
29	10	64	8	8	11	2	12	17670362	14557580	276318	752321	19,3999	0,993797	-0,222444	-19,1775	0,0913681	123882	764934	17,7976	0,910598	-0,109468	-17,6881	6,2147
29	10	64	8	8	12	2	12	17323633	14557580	139998	752321	19,4691	0,99734	-0,122121	-19,3469	0,0952587	123882	764934	17,7976	0,910598	-0,109468	-17,6881	6,07413
29	10	64	8	8	12	3	12	21488509	14557580	126341	752321	19,4753	0,997662	-0,111423	-19,3639	0,0956117	123882	764934	17,7976	0,910598	-0,109468	-17,6881	7,2413
29	10	128	8	16	11	2	12	17670362	14557580	552595	752321	19,2783	0,987569	-0,44486	-18,8335	0,0845281	214131	764934	17,7976	0,910598	-0,192111	-17,6055	14,7154
29	10	128	8	16	12	2	12	17323633	14557580	275725	752321	19,419	0,994777	-0,240947	-19,1781	0,0924437	214131	764934	17,7976	0,910598	-0,192111	-17,6055	14,2688
29	10	128	8	16	12	3	12	21488509	14557580	238525	752321	19,4361	0,995651	-0,211756	-19,2243	0,093404	214131	764934	17,7976	0,910598	-0,192111	-17,6055	15,9062
29	10	64	16	4	11	2	12	17670362	14557580	276316	752321	19,3999	0,993797	-0,222443	-19,1775	0,0913682	123882	764934	17,7976	0,910598	-0,109468	-17,6881	4,55475
29	10	64	16	4	12	2	12	17323633	14557580	139960	752321	19,4691	0,997341	-0,122091	-19,347	0,0952597	123882	764934	17,7976	0,910598	-0,109468	-17,6881	4,69762
29	10	64	16	4	12	3	12	21488509	14557580	125798	752321	19,4756	0,997674	-0,110993	-19,3646	0,0956255	123882	764934	17,7976	0,910598	-0,109468	-17,6881	5,54379
29	10	128	16	8	11	2	12	17670362	14557580	552592	752321	19,2783	0,987569	-0,444858	-18,8335	0,0845282	214131	764934	17,7976	0,910598	-0,192111	-17,6055	6,11422
29	10	128	16	8	12	2	12	17323633	14557580	275715	752321	19,419	0,994777	-0,240939	-19,1781	0,092444	214131	764934	17,7976	0,910598	-0,192111	-17,6055	6,0684
29	10	128	16	8	12	3	12	21488509	14557580	238502	752321	19,4361	0,995652	-0,211738	-19,2244	0,0934046	214131	764934	17,7976	0,910598	-0,192111	-17,6055	6,95967
29	10	256	16	16	11	2	12	17670362	14557580	1105052	752321	19,0336	0,975032	-0,889622	-18,144	0,0707602	355831	764934	17,7976	0,910598	-0,325261	-17,4723	14,6138
29	10	256	16	16	12	2	12	17323633	14557580	546987	752321	19,3187	0,989635	-0,478452	-18,8402	0,0867976	355831	764934	17,7976	0,910598	-0,325261	-17,4723	14,4093
29	10	256	16	16	12	3	12	21488509	14557580	462244	752321	19,3576	0,991633	-0,411906	-18,9457	0,0889908	355831	764934	17,7976	0,910598	-0,325261	-17,4723	15,083
29	10	512	32	16	11	2	12	17670362	14557580	2209931	752321	18,5373	0,949611	-1,77912	-16,7582	0,0428436	575988	764934	17,7976	0,910598	-0,537625	-17,26	14,6697
29	10	512	32	16	12	2	12	17323633	14557580	1089313	752321	19,1165	0,979278	-0,953307	-18,1632	0,0754237	575988	764934	17,7976	0,910598	-0,537625	-17,26	14,4351
29	10	512	32	16	12	3	12	21488509	14557580	909484	752321	19,1998	0,983547	-0,812049	-18,3878	0,0801109	575988	764934	17,7976	0,910598	-0,537625	-17,26	15,4676
29	10	1024	32	32	11	2	12	17670362	14557580	4419365	752321	17,5149	0,897233	-3,55789	-13,957	0,0146769	904424	764934	17,7976	0,910598	-0,863984	-16,9336	27,5965
29	10	1024	32	32	12	2	12	17323633	14557580	2173713	752321	18,7058	0,958239	-1,90282	-16,8029	0,0523184	904424	764934	17,7976	0,910598	-0,863984	-16,9336	27,1566
29	10	1024	32	32	12	3	12	21488509	14557580	1803637	752321	18,8799	0,967161	-1,61207	-17,2679	0,0621166	904424	764934	17,7976	0,910598	-0,863984	-16,9336	28,0367
29	10	1024	64	16	11	2	12	17670362	14557580	4419355	752321	17,5149	0,897233	-3,55789	-13,957	0,0146765	904424	764934	17,7976	0,910598	-0,863984	-16,9336	14,4246
29	10	1024	64	16	12	2	12	17323633	14557580	2173676	752321	18,7058	0,95824	-1,90279	-16,803	0,0523194	904424	764934	17,7976	0,910598	-0,863984	-16,9336	14,4313
29	10	1024	64	16	12	3	12	21488509	14557580	1803628	752321	18,8799	0,967161	-1,61207	-17,2679	0,0621169	904424	764934	17,7976	0,910598	-0,863984	-16,9336	15,3282
29	10	2048	64	32	11	2	12	17670362	14557580	8837750	752321	15,3131	0,784443	-7,1151	-8,198	0,138541	1404624	764934	17,7976	0,910598	-1,37452	-16,4231	27,9901
29	10	2048	64	32	12	2	12	17323633	14557580	4341664	752321	17,856	0,914709	-3,80119	-14,0548	0,00451521	1404624	764934	17,7976	0,910598	-1,37452	-16,4231	27,0593
29	10	2048	64	32	12	3	12	21488509	14557580	3591553	752321	18,2216	0,933438	-3,21182	-15,0098	0,0250831	1404624	764934	17,7976	0,910598	-1,37452	-16,4231	27,8834
56	10	32	8	4	11	2	12	8887600	7235005	69515	799001	19,5456	0,996826	-0,11243	-19,4332	0,0615234	14376	802164	18,4181	0,939053	-0,0277437	-18,3904	2,35495
56	10	32	8	4	12	2	12	8797374	7235005	34485	799001	19,5818	0,998671	-0,0605948	-19,5212	0,0634876	14376	802164	18,4181	0,939053	-0,0277437	-18,3904	2,3586
56	10	32	8	4	12	3	12	10892443	7235005	28477	799001	19,5874	0,998957	-0,0511249	-19,5363	0,0637928	14376	802164	18,4181	0,939053	-0,0277437	-18,3904	2,86013
56	10	64	8	8	11	2	12	8887600	7235005	139019	799001	19,4833	0,993647	-0,224844	-19,2584	0,0581373	26103	802164	18,4181	0,939053	-0,0508711	-18,3673	3,13362
56	10	64	8	8	12	2	12	8797374	7235005	68952	799001	19,5557	0,997341	-0,121162	-19,4345	0,0620714	26103	802164	18,4181	0,939053	-0,0508711	-18,3673	3,05858
56	10	64	8	8	12	3	12	10892443	7235005	56906	799001	19,567	0,997916	-0,102173	-19,4648	0,0626838	26103	802164	18,4181	0,939053	-0,0508711	-18,3673	3,50009
56	10	128	8	16	11	2	12	8887600	7235005	278027	799001	19,3582	0,987266	-0,449673	-18,9085	0,0513429	47005	802164	18,4181	0,939053	-0,0925722	-18,3256	7,12299
56	10	128	8	16	12	2	12	8797374	7235005	137858	799001	19,5035	0,994677	-0,242251	-19,2612	0,059235	47005	802164	18,4181	0,939053	-0,0925722	-18,3256	7,20723
56	10	128	8	16	12	3	12	10892443	7235005	113740	799001	19,5261	0,995831	-0,204232	-19,3219	0,0604634	47005	802164	18,4181	0,939053	-0,0925722	-18,3256	7,64413
56	10	64	16	4	11	2	12	8887600	7235005	139019	799001	19,4833	0,993647	-0,224844	-19,2584	0,0581373	26103	802164	18,4181	0,939053	-0,0508711	-18,3673	2,26939
56	10	64	16	4	12	2	12	8797374	7235005	68949	799001	19,5557	0,997341	-0,121157	-19,4345	0,0620715	26103	802164	18,4181	0,939053	-0,0508711	-18,3673	2,26679
56	10	64	16	4	12	3	12	10892443	7235005	56905	799001	19,567	0,997916	-0,102172	-19,4648	0,0626838	26103	802164	18,4181	0,939053	-0,0508711	-18,3673	2,70273
56	10	128	16	8	11	2	12	8887600	7235005	278027	799001	19,3582	0,987266	-0,449673	-18,9085	0,0513429	47005	802164	18,4181	0,939053	-0,0925722	-18,3256	3,04442
56	10	128	16	8	12	2	12	8797374	7235005	137855	799001	19,5035	0,994678	-0,242247	-19,2612	0,0592352	47005	802164	18,4181	0,939053	-0,0925722	-18,3256	3,05841
56	10	128	16	8	12	3	12	10892443	7235005	113740	799001	19,5261	0,995831	-0,204232	-19,3219	0,0604634	47005	802164	18,4181	0,939053	-0,0925722	-18,3256	3,49355
56	10	256	16	16	11	2	12	8887600	7235005	555993	799001	19,1063	0,974424	-0,89926	-18,2071	0,0376671	83955	802164	18,4181	0,939053	-0,167198	-18,2509	7,12592
56	10	256	16	16	12	2	12	8797374	7235005	275587	799001	19,3987	0,989335	-0,484302	-18,9144	0,0535453	83955	802164	18,4181	0,939053	-0,167198	-18,2509	7,15045
56	10	256	16	16	12	3	12	10892443	7235005	227404	799001	19,4441	0,991647	-0,408342	-19,0357	0,0560083	83955	802164	18,4181	0,939053	-0,167198	-18,2509	7,60898
56	10	512	32	16	11	2	12	8887600	7235005	1111778	799001	18,5959	0,948392	-1,79822	-16,7977	0,00994599	146852	802164	18,4181	0,939053	-0,296241	-18,1219	7,19099
56	10	512	32	16	12	2	12	8797374	7235005	551043	799001	19,1876	0,978566	-0,9684	-18,2192	0,0420781	146852	802164	18,4181	0,939053	-0,296241	-18,1219	7,15977
56	10	512	32	16	12	3	12	10892443	7235005	454685	799001	19,279	0,983227	-0,816488	-18,4625	0,0470415	146852	802164	18,4181	0,939053	-0,296241	-18,1219	7,65139
56	10	1024	32	32	11	2	12	8887600	7235005	2223316	799001	17,5441	0,894749	-3,59611	-13,948	0,0471787	249359	802164	18,4181	0,939053	-0,510727	-17,9074	13,9196
56	10	1024	32	32	12	2	12	8797374	7235005	1101805	799001	18,7586	0,956691	-1,93636	-16,8223	0,0187834	249359	802164	18,4181	0,939053	-0,510727	-17,9074	13,5852
56	10	1024	32	32	12	3	12	10892443	7235005	908881	799001	18,9446	0,966173	-1,63219	-17,3124	0,0288807	249359	802164	18,4181	0,939053	-0,510727	-17,9074	14,0315
56	10	1024	64	16	11	2	12	8887600	7235005	2223281	799001	17,5441	0,894751	-3,59606	-13,9481	0,0471765	249359	802164	18,4181	0,939053	-0,510727	-17,9074	7,21788
56	10	1024	64	16	12	2	12	8797374	7235005	1101778	799001	18,7587	0,956693	-1,93632	-16,8224	0,0187848	249359	802164	18,4181	0,939053	-0,510727	-17,9074	7,22486
56	10	1024	64	16	12	3	12	10892443	7235005	908881	799001	18,9446	0,966173	-1,63219	-17,3124	0,0288807	249359	802164	18,4181	0,939053	-0,510727	-17,9074	7,6091
56	10	2048	64	32	11	2	12	8887600	7235005	4445565	799001	15,2792	0,779238	-7,19071	-8,08847	0,170187	413072	802164	18,4181	0,939053	-0,860603	-17,5575	14,2794
56	10	2048	64	32	12	2	12	8797374	7235005	2202627	799001	17,8713	0,911439	-3,87119	-14,0001	0,0294063	413072	802164	18,4181	0,939053	-0,860603	-17,5575	13,7902
56	10	2048	64	32	12	3	12	10892443	7235005	1817169	799001	18,2562	0,931067	-3,26344	-14,9928	0,00850413	413072	802164	18,4181	0,939053	-0,860603	-17,5575	14,0367
56	15	32	8	4	11	2	12	8982404	7235000	70245	6740212	22,5915	0,995907	-0,113464	-22,4781	0,00168369	528	6672547	22,6151	0,997587	-0,00136655	-22,6137	2,28571
56	15	32	8	4	12	2	12	8981798	7235000	35174	6740212	22,6427	0,998165	-0,0616668	-22,5811	0,000579738	528	6672547	22,6151	0,997587	-0,00136655	-22,6137	2,29451
56	15	32	8	4	12	3	12	11104412	7235000	28986	6740212	22,6512	0,998537	-0,0519364	-22,5992	0,000952826	528	6672547	22,6151	0,997587	-0,00136655	-22,6137	2,92042
56	15	64	8	8	11	2	12	8982404	7235000	140485	6740212	22,4985	0,991808	-0,226922	-22,2716	0,00579232	907	6672547	22,6151	0,997587	-0,00237325	-22,6127	3,22
56	15	64	8	8	12	2	12	8981798	7235000	70340	6740212	22,6011	0,996329	-0,123321	-22,4778	0,00126076	907	6672547	22,6151	0,997587	-0,00237325	-22,6127	3,19182
56	15	64	8	8	12	3	12	11104412	7235000	57946	6740212	22,618	0,997075	-0,103831	-22,5142	0,000513039	907	6672547	22,6151	0,997587	-0,00237325	-22,6127	3,64133
56	15	128	8	16	11	2	12	8982404	7235000	280965	6740212	22,3122	0,983592	-0,453836	-21,8583	0,014028	1580	6672547	22,6151	0,997587	-0,00417695	-22,6109	7,45625
56	15	128	8	16	12	2	12	8981798	7235000	140632	6740212	22,5177	0,992655	-0,246568	-22,2712	0,00494386	1580	6672547	22,6151	0,997587	-0,00417695	-22,6109	7,33909
56	15	128	8	16	12	3	12	11104412	7235000	115866	6740212	22,5516	0,994147	-0,207621	-22,344	0,00344786	1580	6672547	22,6151	0,997587	-0,00417695	-22,6109	7,73733
56	15	64	16	4	11	2	12	8982404	7235000	140485	6740212	22,4985	0,991808	-0,226922	-22,2716	0,00579232	907	6672547	22,6151	0,997587	-0,00237325	-22,6127	2,30147
56	15	64	16	4	12	2	12	8981798	7235000	70334	6740212	22,6011	0,996329	-0,123312	-22,4778	0,00126039	907	6672547	22,6151	0,997587	-0,00237325	-22,6127	2,33539
56	15	64	16	4	12	3	12	11104412	7235000	57946	6740212	22,618	0,997075	-0,103831	-22,5142	0,000513039	907	6672547	22,6151	0,997587	-0,00237325	-22,6127	2,72024
56	15	128	16	8	11	2	12	8982404	7235000	280965	6740212	22,3122	0,983592	-0,453836	-21,8583	0,014028	1580	6672547	22,6151	0,997587	-0,00417695	-22,6109	3,17187
56	15	128	16	8	12	2	12	8981798	7235000	140630	6740212	22,5177	0,992655	-0,246564	-22,2712	0,00494374	1580	6672547	22,6151	0,997587	-0,00417695	-22,6109	3,08286
56	15	128	16	8	12	3	12	11104412	7235000	115866	6740212	22,5516	0,994147	-0,207621	-22,344	0,00344786	1580	6672547	22,6151	0,997587	-0,00417695	-22,6109	3,57444
56	15	256	16	16	11	2	12	8982404	7235000	561853	6740212	21,9378	0,96709	-0,907564	-21,0303	0,0305699	2794	6672547	22,6151	0,997587	-0,00745551	-22,6076	7,3673
56	15	256	16	16	12	2	12	8981798	7235000	281176	6740212	22,3507	0,98529	-0,492998	-21,8577	0,012326	2794	6672547	22,6151	0,997587	-0,00745551	-22,6076	7,44939
56	15	256	16	16	12	3	12	11104412	7235000	231706	6740212	22,4185	0,988279	-0,415201	-22,0033	0,00932995	2794	6672547	22,6151	0,997587	-0,00745551	-22,6076	7,81823
56	15	512	32	16	11	2	12	8982404	7235000	1123530	6740212	21,1821	0,933777	-1,81488	-19,3673	0,063964	4952	6672547	22,6151	0,997587	-0,013334	-22,6018	7,61644
56	15	512	32	16	12	2	12	8981798	7235000	562264	6740212	22,0149	0,970486	-0,98586	-21,029	0,0271659	4952	6672547	22,6151	0,997587	-0,013334	-22,6018	7,39365
56	15	512	32	16	12	3	12	11104412	7235000	463386	6740212	22,1511	0,976493	-0,830361	-21,3208	0,021145	4952	6672547	22,6151	0,997587	-0,013334	-22,6018	7,9119
56	15	1024	32	32	11	2	12	8982404	7235000	2246858	6740212	19,6388	0,865744	-3,62947	-16,0094	0,132162	8710	6672547	22,6151	0,997587	-0,0236746	-22,5914	14,2988
56	15	1024	32	32	12	2	12	8981798	7235000	1124363	6740212	21,3362	0,940567	-1,97146	-19,3647	0,0571579	8710	6672547	22,6151	0,997587	-0,0236746	-22,5914	13,9126
56	15	1024	32	32	12	3	12	11104412	7235000	926469	6740212	21,612	0,952725	-1,66024	-19,9517	0,0449698	8710	6672547	22,6151	0,997587	-0,0236746	-22,5914	14,3117
56	15	1024	64	16	11	2	12	8982404	7235000	2246839	6740212	19,6389	0,865745	-3,62944	-16,0094	0,132161	8710	6672547	22,6151	0,997587	-0,0236746	-22,5914	7,5984
56	15	1024	64	16	12	2	12	8981798	7235000	1124327	6740212	21,3362	0,940569	-1,97141	-19,3648	0,0571556	8710	6672547	22,6151	0,997587	-0,0236746	-22,5914	7,39766
56	15	1024	64	16	12	3	12	11104412	7235000	926465	6740212	21,612	0,952726	-1,66023	-19,9517	0,0449696	8710	6672547	22,6151	0,997587	-0,0236746	-22,5914	7,89342
56	15	2048	64	32	11	2	12	8982404	7235000	4492725	6740212	16,3859	0,722343	-7,25754	-9,12836	0,275909	15425	6672547	22,6151	0,997587	-0,0423014	-22,5728	14,6722
56	15	2048	64	32	12	2	12	8981798	7235000	2247732	6740212	19,948	0,879371	-3,94138	-16,0066	0,118501	15425	6672547	22,6151	0,997587	-0,0423014	-22,5728	14,2136
56	15	2048	64	32	12	3	12	11104412	7235000	1852166	6740212	20,5135	0,904301	-3,31925	-17,1942	0,0935118	15425	6672547	22,6151	0,997587	-0,0423014	-22,5728	14,4506
62	10	32	8	4	11	2	12	8494452	6918757	67149	765634	19,4839	0,996806	-0,113404	-19,3705	0,0626588	14995	778478	18,3575	0,93803	-0,0299165	-18,3276	2,16261
62	10	32	8	4	12	2	12	8403319	6918757	33850	765634	19,5196	0,998634	-0,0619464	-19,4576	0,0646071	14995	778478	18,3575	0,93803	-0,0299165	-18,3276	2,1511
62	10	32	8	4	12	3	12	10406777	6918757	28138	765634	19,5251	0,998918	-0,0525501	-19,4726	0,0649101	14995	778478	18,3575	0,93803	-0,0299165	-18,3276	2,57498
62	10	64	8	8	11	2	12	8494452	6918757	133580	765634	19,4221	0,993649	-0,225767	-19,1964	0,0592925	26710	778478	18,3575	0,93803	-0,0539688	-18,3036	2,89997
62	10	64	8	8	12	2	12	8403319	6918757	66748	765634	19,4939	0,997318	-0,122411	-19,3715	0,0632041	26710	778478	18,3575	0,93803	-0,0539688	-18,3036	2,91175
62	10	64	8	8	12	3	12	10406777	6918757	55285	765634	19,505	0,997887	-0,103533	-19,4015	0,0638114	26710	778478	18,3575	0,93803	-0,0539688	-18,3036	3,30309
62	10	128	8	16	11	2	12	8494452	6918757	266401	765634	19,2983	0,987315	-0,450431	-18,8479	0,0525403	47315	778478	18,3575	0,93803	-0,0968255	-18,2607	6,76649
62	10	128	8	16	12	2	12	8403319	6918757	132540	765634	19,4423	0,994681	-0,243335	-19,199	0,0603928	47315	778478	18,3575	0,93803	-0,0968255	-18,2607	6,84579
62	10	128	8	16	12	3	12	10406777	6918757	109557	765634	19,4647	0,995824	-0,205461	-19,2592	0,0616117	47315	778478	18,3575	0,93803	-0,0968255	-18,2607	7,31816
62	10	64	16	4	11	2	12	8494452	6918757	133576	765634	19,4222	0,993649	-0,225761	-19,1964	0,0592927	26710	778478	18,3575	0,93803	-0,0539688	-18,3036	2,15686
62	10	64	16	4	12	2	12	8403319	6918757	66748	765634	19,4939	0,997318	-0,122411	-19,3715	0,0632041	26710	778478	18,3575	0,93803	-0,0539688	-18,3036	2,15147
62	10	64	16	4	12	3	12	10406777	6918757	55283	765634	19,505	0,997888	-0,103529	-19,4015	0,0638116	26710	778478	18,3575	0,93803	-0,0539688	-18,3036	2,57599
62	10	128	16	8	11	2	12	8494452	6918757	266399	765634	19,2983	0,987315	-0,450428	-18,8479	0,0525404	47315	778478	18,3575	0,93803	-0,0968255	-18,2607	2,89931
62	10	128	16	8	12	2	12	8403319	6918757	132540	765634	19,4423	0,994681	-0,243335	-19,199	0,0603928	47315	778478	18,3575	0,93803	-0,0968255	-18,2607	2,94188
62	10	128	16	8	12	3	12	10406777	6918757	109557	765634	19,4647	0,995824	-0,205461	-19,2592	0,0616117	47315	778478	18,3575	0,93803	-0,0968255	-18,2607	3,31332
62	10	256	16	16	11	2	12	8494452	6918757	532001	765634	19,0491	0,974565	-0,899698	-18,1494	0,0389483	83848	778478	18,3575	0,93803	-0,173727	-18,1838	6,85163
62	10	256	16	16	12	2	12	8403319	6918757	264124	765634	19,3388	0,989387	-0,485182	-18,8537	0,0547489	83848	778478	18,3575	0,93803	-0,173727	-18,1838	6,85581
62	10	256	16	16	12	3	12	10406777	6918757	218101	765634	19,3837	0,991684	-0,409318	-18,9744	0,0571977	83848	778478	18,3575	0,93803	-0,173727	-18,1838	7,26539
62	10	512	32	16	11	2	12	8494452	6918757	1063187	765634	18,5438	0,948711	-1,79821	-16,7456	0,0113857	145831	778478	18,3575	0,93803	-0,30632	-18,0512	6,88101
62	10	512	32	16	12	2	12	8403319	6918757	527176	765634	19,1304	0,978722	-0,968688	-18,1617	0,0433796	145831	778478	18,3575	0,93803	-0,30632	-18,0512	6,82311
62	10	512	32	16	12	3	12	10406777	6918757	435189	765634	19,2208	0,983347	-0,817033	-18,4038	0,0483105	145831	778478	18,3575	0,93803	-0,30632	-18,0512	7,32175
62	10	1024	32	32	11	2	12	8494452	6918757	2125257	765634	17,5025	0,895436	-3,59479	-13,9077	0,0454086	247374	778478	18,3575	0,93803	-0,52775	-17,8298	13,2243
62	10	1024	32	32	12	2	12	8403319	6918757	1053017	765634	18,707	0,95706	-1,93527	-16,7717	0,0202868	247374	778478	18,3575	0,93803	-0,52775	-17,8298	12,9324
62	10	1024	32	32	12	3	12	10406777	6918757	869251	765634	18,8905	0,966449	-1,63227	-17,2582	0,0302963	247374	778478	18,3575	0,93803	-0,52775	-17,8298	13,2729
62	10	1024	64	16	11	2	12	8494452	6918757	2125252	765634	17,5025	0,895436	-3,59478	-13,9077	0,0454083	247374	778478	18,3575	0,93803	-0,52775	-17,8298	6,88579
62	10	1024	64	16	12	2	12	8403319	6918757	1053017	765634	18,707	0,95706	-1,93527	-16,7717	0,0202868	247374	778478	18,3575	0,93803	-0,52775	-17,8298	6,9406
62	10	1024	64	16	12	3	12	10406777	6918757	869230	765634	18,8905	0,96645	-1,63224	-17,2583	0,0302974	247374	778478	18,3575	0,93803	-0,52775	-17,8298	7,22656
62	10	2048	64	32	11	2	12	8494452	6918757	4248988	765634	15,2584	0,780627	-7,18733	-8,07103	0,167802	408721	778478	18,3575	0,93803	-0,887313	-17,4702	13,5256
62	10	2048	64	32	12	2	12	8403319	6918757	2104592	765634	17,8302	0,912204	-3,86826	-13,962	0,0275321	408721	778478	18,3575	0,93803	-0,887313	-17,4702	13,2254
62	10	2048	64	32	12	3	12	10406777	6918757	1736619	765634	18,211	0,931688	-3,26149	-14,9496	0,0067618	408721	778478	18,3575	0,93803	-0,887313	-17,4702	13,365
62	15	32	8	4	11	2	12	8592912	6918752	67898	6406797	22,5179	0,995874	-0,114514	-22,4034	0,00180159	1611	6408506	22,5589	0,997671	-0,00335145	-22,5555	2,16336
62	15	32	8	4	12	2	12	8591664	6918752	34556	6406797	22,5685	0,998113	-0,0630944	-22,5054	0,000443457	1611	6408506	22,5589	0,997671	-0,00335145	-22,5555	2,27563
62	15	32	8	4	12	3	12	10622713	6918752	28676	6406797	22,5769	0,998483	-0,0534468	-22,5234	0,000813529	1611	6408506	22,5589	0,997671	-0,00335145	-22,5555	2,77381
62	15	64	8	8	11	2	12	8592912	6918752	135090	6406797	22,4256	0,991791	-0,228004	-22,1976	0,00589332	2001	6408506	22,5589	0,997671	-0,00442888	-22,5545	3,18892
62	15	64	8	8	12	2	12	8591664	6918752	68188	6406797	22,5272	0,996287	-0,124754	-22,4025	0,00138733	2001	6408506	22,5589	0,997671	-0,00442888	-22,5545	3,03921
62	15	64	8	8	12	3	12	10622713	6918752	56388	6406797	22,544	0,997027	-0,105371	-22,4386	0,000645127	2001	6408506	22,5589	0,997671	-0,00442888	-22,5545	3,56817
62	15	128	8	16	11	2	12	8592912	6918752	269428	6406797	22,2406	0,983612	-0,454916	-21,7857	0,014092	2688	6408506	22,5589	0,997671	-0,00634486	-22,5525	7,1384
62	15	128	8	16	12	2	12	8591664	6918752	135448	6406797	22,4445	0,99263	-0,248066	-22,1965	0,00505322	2688	6408506	22,5589	0,997671	-0,00634486	-22,5525	7,02754
62	15	128	8	16	12	3	12	10622713	6918752	111812	6406797	22,4781	0,994114	-0,209221	-22,2689	0,00356554	2688	6408506	22,5589	0,997671	-0,00634486	-22,5525	7,39957
62	15	64	16	4	11	2	12	8592912	6918752	135083	6406797	22,4256	0,991792	-0,227994	-22,1976	0,00589282	2001	6408506	22,5589	0,997671	-0,00442888	-22,5545	2,34161
62	15	64	16	4	12	2	12	8591664	6918752	68186	6406797	22,5272	0,996287	-0,124751	-22,4025	0,0013872	2001	6408506	22,5589	0,997671	-0,00442888	-22,5545	2,28646
62	15	64	16	4	12	3	12	10622713	6918752	56388	6406797	22,544	0,997027	-0,105371	-22,4386	0,000645127	2001	6408506	22,5589	0,997671	-0,00442888	-22,5545	2,73628
62	15	128	16	8	11	2	12	8592912	6918752	269428	6406797	22,2406	0,983612	-0,454916	-21,7857	0,014092	2688	6408506	22,5589	0,997671	-0,00634486	-22,5525	3,14247
62	15	128	16	8	12	2	12	8591664	6918752	135438	6406797	22,4445	0,99263	-0,24805	-22,1965	0,00505258	2688	6408506	22,5589	0,997671	-0,00634486	-22,5525	3,15685
62	15	128	16	8	12	3	12	10622713	6918752	111812	6406797	22,4781	0,994114	-0,209221	-22,2689	0,00356554	2688	6408506	22,5589	0,997671	-0,00634486	-22,5525	3,3946
62	15	256	16	16	11	2	12	8592912	6918752	538100	6406797	21,869	0,967177	-0,908735	-20,9603	0,0305649	3895	6408506	22,5589	0,997671	-0,00974372	-22,5492	7,16608
62	15	256	16	16	12	2	12	8591664	6918752	269859	6406797	22,2789	0,985303	-0,494514	-21,7843	0,0123965	3895	6408506	22,5589	0,997671	-0,00974372	-22,5492	7,15753
62	15	256	16	16	12	3	12	10622713	6918752	222589	6406797	22,3461	0,988278	-0,416802	-21,9293	0,00941447	3895	6408506	22,5589	0,997671	-0,00974372	-22,5492	7,45207
62	15	512	32	16	11	2	12	8592912	6918752	1075431	6406797	21,1187	0,933992	-1,81635	-19,3023	0,0638277	6024	6408506	22,5589	0,997671	-0,0157946	-22,5431	7,22498
62	15	512	32	16	12	2	12	8591664	6918752	538659	6406797	21,9459	0,970577	-0,987373	-20,9585	0,0271575	6024	6408506	22,5589	0,997671	-0,0157946	-22,5431	7,14872
62	15	512	32	16	12	3	12	10622713	6918752	444035	6406797	22,0812	0,976564	-0,831783	-21,2495	0,0211566	6024	6408506	22,5589	0,997671	-0,0157946	-22,5431	7,51376
62	15	1024	32	32	11	2	12	8592912	6918752	2149774	6406797	19,5865	0,86623	-3,63112	-15,9554	0,131747	9719	6408506	22,5589	0,997671	-0,0264054	-22,5325	14,0038
62	15	1024	32	32	12	2	12	8591664	6918752	1076256	6406797	21,2727	0,940806	-1,97309	-19,2996	0,0569974	9719	6408506	22,5589	0,997671	-0,0264054	-22,5325	13,4915
62	15	1024	32	32	12	3	12	10622713	6918752	886915	6406797	21,5467	0,952923	-1,66173	-19,885	0,0448521	9719	6408506	22,5589	0,997671	-0,0264054	-22,5325	13,5599
62	15	1024	64	16	11	2	12	8592912	6918752	2149772	6406797	19,5865	0,866231	-3,63112	-15,9554	0,131747	9719	6408506	22,5589	0,997671	-0,0264054	-22,5325	7,34582
62	15	1024	64	16	12	2	12	8591664	6918752	1076251	6406797	21,2727	0,940807	-1,97308	-19,2997	0,056997	9719	6408506	22,5589	0,997671	-0,0264054	-22,5325	7,28625
62	15	1024	64	16	12	3	12	10622713	6918752	886915	6406797	21,5467	0,952923	-1,66173	-19,885	0,0448521	9719	6408506	22,5589	0,997671	-0,0264054	-22,5325	7,69653
62	15	2048	64	32	11	2	12	8592912	6918752	4298080	6406797	16,355	0,723317	-7,26009	-9,09495	0,274995	16063	6408506	22,5589	0,997671	-0,0448247	-22,5141	14,0876
62	15	2048	64	32	12	2	12	8591664	6918752	2150829	6406797	19,8954	0,879893	-3,94351	-15,9519	0,118053	16063	6408506	22,5589	0,997671	-0,0448247	-22,5141	13,6499
62	15	2048	64	32	12	3	12	10622713	6918752	1772661	6406797	20,4568	0,904721	-3,32159	-17,1352	0,0931667	16063	6408506	22,5589	0,997671	-0,0448247	-22,5141	13,8408
72	10	32	8	4	11	2	12	9192372	7485504	71906	797969	19,5438	0,996828	-0,112408	-19,4314	0,061129	14677	805340	18,4304	0,939403	-0,0274153	-18,403	2,49489
72	10	32	8	4	12	2	12	9101361	7485504	35664	797969	19,5799	0,998672	-0,0605722	-19,5194	0,0630919	14677	805340	18,4304	0,939403	-0,0274153	-18,403	2,33149
72	10	32	8	4	12	3	12	11265435	7485504	29426	797969	19,5856	0,998959	-0,0510679	-19,5345	0,063398	14677	805340	18,4304	0,939403	-0,0274153	-18,403	2,79208
72	10	64	8	8	11	2	12	9192372	7485504	143785	797969	19,4815	0,99365	-0,22478	-19,2567	0,0577465	26565	805340	18,4304	0,939403	-0,0501226	-18,3803	3,13185
72	10	64	8	8	12	2	12	9101361	7485504	71312	797969	19,5539	0,997343	-0,12112	-19,4328	0,0616772	26565	805340	18,4304	0,939403	-0,0501226	-18,3803	3,12455
72	10	64	8	8	12	3	12	11265435	7485504	58830	797969	19,5652	0,997919	-0,102102	-19,4631	0,0622902	26565	805340	18,4304	0,939403	-0,0501226	-18,3803	3,58244
72	10	128	8	16	11	2	12	9192372	7485504	287529	797969	19,3565	0,987276	-0,449503	-18,907	0,0509605	47765	805340	18,4304	0,939403	-0,0910838	-18,3393	7,29545
72	10	128	8	16	12	2	12	9101361	7485504	142608	797969	19,5017	0,99468	-0,242217	-19,2595	0,0588424	47765	805340	18,4304	0,939403	-0,0910838	-18,3393	7,34761
72	10	128	8	16	12	3	12	11265435	7485504	117601	797969	19,5243	0,995836	-0,204113	-19,3202	0,0600726	47765	805340	18,4304	0,939403	-0,0910838	-18,3393	7,85907
72	10	64	16	4	11	2	12	9192372	7485504	143785	797969	19,4815	0,99365	-0,22478	-19,2567	0,0577465	26565	805340	18,4304	0,939403	-0,0501226	-18,3803	2,32529
72	10	64	16	4	12	2	12	9101361	7485504	71312	797969	19,5539	0,997343	-0,12112	-19,4328	0,0616772	26565	805340	18,4304	0,939403	-0,0501226	-18,3803	2,33199
72	10	64	16	4	12	3	12	11265435	7485504	58825	797969	19,5652	0,997919	-0,102094	-19,4631	0,0622904	26565	805340	18,4304	0,939403	-0,0501226	-18,3803	2,80176
72	10	128	16	8	11	2	12	9192372	7485504	287529	797969	19,3565	0,987276	-0,449503	-18,907	0,0509605	47765	805340	18,4304	0,939403	-0,0910838	-18,3393	3,15539
72	10	128	16	8	12	2	12	9101361	7485504	142608	797969	19,5017	0,99468	-0,242217	-19,2595	0,0588424	47765	805340	18,4304	0,939403	-0,0910838	-18,3393	3,13468
72	10	128	16	8	12	3	12	11265435	7485504	117600	797969	19,5243	0,995836	-0,204111	-19,3202	0,0600727	47765	805340	18,4304	0,939403	-0,0910838	-18,3393	3,68791
72	10	256	16	16	11	2	12	9192372	7485504	575017	797969	19,1049	0,974441	-0,89895	-18,2059	0,0372983	85571	805340	18,4304	0,939403	-0,164966	-18,2654	7,46297
72	10	256	16	16	12	2	12	9101361	7485504	285115	797969	19,3969	0,989338	-0,484281	-18,9126	0,0531557	85571	805340	18,4304	0,939403	-0,164966	-18,2654	7,42019
72	10	256	16	16	12	3	12	11265435	7485504	235105	797969	19,4424	0,991657	-0,408076	-19,0343	0,055625	85571	805340	18,4304	0,939403	-0,164966	-18,2654	7,91693
72	10	512	32	16	11	2	12	9192372	7485504	1149920	797969	18,5947	0,948422	-1,79774	-16,797	0,00960025	149900	805340	18,4304	0,939403	-0,292673	-18,1377	7,45796
72	10	512	32	16	12	2	12	9101361	7485504	570043	797969	19,1859	0,978575	-0,968281	-18,2176	0,0416989	149900	805340	18,4304	0,939403	-0,292673	-18,1377	7,42018
72	10	512	32	16	12	3	12	11265435	7485504	470113	797969	19,2775	0,983246	-0,816002	-18,4615	0,0466708	149900	805340	18,4304	0,939403	-0,292673	-18,1377	7,82688
72	10	1024	32	32	11	2	12	9192372	7485504	2299399	797969	17,5438	0,89482	-3,59488	-13,9489	0,047459	254479	805340	18,4304	0,939403	-0,504456	-17,9259	14,2906
72	10	1024	32	32	12	2	12	9101361	7485504	1139881	797969	18,7571	0,956705	-1,93625	-16,8209	0,018418	254479	805340	18,4304	0,939403	-0,504456	-17,9259	14,068
72	10	1024	32	32	12	3	12	11265435	7485504	940118	797969	18,9431	0,966193	-1,63184	-17,3113	0,0285175	254479	805340	18,4304	0,939403	-0,504456	-17,9259	14,4012
72	10	1024	64	16	11	2	12	9192372	7485504	2299396	797969	17,5438	0,89482	-3,59488	-13,9489	0,0474588	254479	805340	18,4304	0,939403	-0,504456	-17,9259	7,50404
72	10	1024	64	16	12	2	12	9101361	7485504	1139851	797969	18,7572	0,956706	-1,93621	-16,821	0,0184195	254479	805340	18,4304	0,939403	-0,504456	-17,9259	7,42668
72	10	1024	64	16	12	3	12	11265435	7485504	940096	797969	18,9432	0,966194	-1,6318	-17,3114	0,0285186	254479	805340	18,4304	0,939403	-0,504456	-17,9259	7,82531
72	10	2048	64	32	11	2	12	9192372	7485504	4598059	797969	15,2802	0,779365	-7,18875	-8,09147	0,170361	421412	805340	18,4304	0,939403	-0,849748	-17,5806	14,6091
72	10	2048	64	32	12	2	12	9101361	7485504	2278712	797969	17,8702	0,911468	-3,87093	-13,9993	0,0297372	421412	805340	18,4304	0,939403	-0,849748	-17,5806	14,3122
72	10	2048	64	32	12	3	12	11265435	7485504	1879401	797969	18,2554	0,931117	-3,26239	-14,9931	0,0088209	421412	805340	18,4304	0,939403	-0,849748	-17,5806	14,5439
72	15	32	8	4	11	2	12	9291448	7485499	72665	6768919	22,5976	0,995906	-0,113448	-22,4842	0,00165218	536	6886421	22,6598	0,997554	-0,00134276	-22,6584	2,33936
72	15	32	8	4	12	2	12	9293511	7485499	36384	6768919	22,6488	0,998165	-0,061655	-22,5872	0,000611696	536	6886421	22,6598	0,997554	-0,00134276	-22,6584	2,41423
72	15	32	8	4	12	3	12	11486996	7485499	29958	6768919	22,6573	0,998538	-0,0518878	-22,6054	0,000986278	536	6886421	22,6598	0,997554	-0,00134276	-22,6584	2,99403
72	15	64	8	8	11	2	12	9291448	7485499	145309	6768919	22,5046	0,991808	-0,226867	-22,2777	0,00576064	967	6886421	22,6598	0,997554	-0,00244153	-22,6573	3,19903
72	15	64	8	8	12	2	12	9293511	7485499	72763	6768919	22,6072	0,996328	-0,123302	-22,4839	0,00122941	967	6886421	22,6598	0,997554	-0,00244153	-22,6573	3,20526
72	15	64	8	8	12	3	12	11486996	7485499	59910	6768919	22,6241	0,997076	-0,103766	-22,5204	0,000479706	967	6886421	22,6598	0,997554	-0,00244153	-22,6573	3,68852
72	15	128	8	16	11	2	12	9291448	7485499	290589	6768919	22,3182	0,983593	-0,453694	-21,8645	0,0139954	1711	6886421	22,6598	0,997554	-0,0043593	-22,6554	8,20205
72	15	128	8	16	12	2	12	9293511	7485499	145480	6768919	22,5238	0,992653	-0,246536	-22,2772	0,00491374	1711	6886421	22,6598	0,997554	-0,0043593	-22,6554	7,55868
72	15	128	8	16	12	3	12	11486996	7485499	119814	6768919	22,5577	0,994148	-0,207523	-22,3502	0,00341476	1711	6886421	22,6598	0,997554	-0,0043593	-22,6554	7,93386
72	15	64	16	4	11	2	12	9291448	7485499	145307	6768919	22,5046	0,991808	-0,226864	-22,2777	0,00576051	967	6886421	22,6598	0,997554	-0,00244153	-22,6573	2,36767
72	15	64	16	4	12	2	12	9293511	7485499	72754	6768919	22,6072	0,996329	-0,123289	-22,4839	0,00122887	967	6886421	22,6598	0,997554	-0,00244153	-22,6573	2,41357
72	15	64	16	4	12	3	12	11486996	7485499	59910	6768919	22,6241	0,997076	-0,103766	-22,5204	0,000479706	967	6886421	22,6598	0,997554	-0,00244153	-22,6573	2,86288
72	15	128	16	8	11	2	12	9291448	7485499	290589	6768919	22,3182	0,983593	-0,453694	-21,8645	0,0139954	1711	6886421	22,6598	0,997554	-0,0043593	-22,6554	3,29608
72	15	128	16	8	12	2	12	9293511	7485499	145477	6768919	22,5238	0,992653	-0,246531	-22,2773	0,00491357	1711	6886421	22,6598	0,997554	-0,0043593	-22,6554	3,2186
72	15	128	16	8	12	3	12	11486996	7485499	119814	6768919	22,5577	0,994148	-0,207523	-22,3502	0,00341476	1711	6886421	22,6598	0,997554	-0,0043593	-22,6554	3,69645
72	15	256	16	16	11	2	12	9291448	7485499	581149	6768919	21,9437	0,967089	-0,907349	-21,0364	0,0305404	3008	6886421	22,6598	0,997554	-0,0077369	-22,652	7,9124
72	15	256	16	16	12	2	12	9293511	7485499	290888	6768919	22,3566	0,985285	-0,492964	-21,8636	0,0122993	3008	6886421	22,6598	0,997554	-0,0077369	-22,652	8,03971
72	15	256	16	16	12	3	12	11486996	7485499	239622	6768919	22,4246	0,98828	-0,415038	-22,0095	0,00929731	3008	6886421	22,6598	0,997554	-0,0077369	-22,652	8,11213
72	15	512	32	16	11	2	12	9291448	7485499	1162201	6768919	21,1877	0,933768	-1,81456	-19,3731	0,0639426	5202	6886421	22,6598	0,997554	-0,0135209	-22,6462	7,82141
72	15	512	32	16	12	2	12	9293511	7485499	581704	6768919	22,0206	0,970475	-0,985819	-21,0347	0,0271459	5202	6886421	22,6598	0,997554	-0,0135209	-22,6462	7,58037
72	15	512	32	16	12	3	12	11486996	7485499	479238	6768919	22,1571	0,976493	-0,830066	-21,327	0,0211132	5202	6886421	22,6598	0,997554	-0,0135209	-22,6462	8,09154
72	15	1024	32	32	11	2	12	9291448	7485499	2323963	6768919	19,6441	0,865743	-3,62853	-16,0156	0,132135	9017	6886421	22,6598	0,997554	-0,0236808	-22,6361	14,6183
72	15	1024	32	32	12	2	12	9293511	7485499	1163264	6768919	21,3414	0,940542	-1,97142	-19,37	0,0571517	9017	6886421	22,6598	0,997554	-0,0236808	-22,6361	14,6644
72	15	1024	32	32	12	3	12	11486996	7485499	958397	6768919	21,6175	0,952712	-1,66001	-19,9575	0,0449521	9017	6886421	22,6598	0,997554	-0,0236808	-22,6361	14,7931
72	15	1024	64	16	11	2	12	9291448	7485499	2323963	6768919	19,6441	0,865743	-3,62853	-16,0156	0,132135	9017	6886421	22,6598	0,997554	-0,0236808	-22,6361	7,94942
72	15	1024	64	16	12	2	12	9293511	7485499	1163227	6768919	21,3414	0,940545	-1,97137	-19,3701	0,0571495	9017	6886421	22,6598	0,997554	-0,0236808	-22,6361	7,70331
72	15	1024	64	16	12	3	12	11486996	7485499	958373	6768919	21,6175	0,952714	-1,65997	-19,9576	0,0449507	9017	6886421	22,6598	0,997554	-0,0236808	-22,6361	7,91667
72	15	2048	64	32	11	2	12	9291448	7485499	4647265	6768919	16,3899	0,722325	-7,25615	-9,13375	0,275905	15582	6886421	22,6598	0,997554	-0,0413537	-22,6184	15,5246
72	15	2048	64	32	12	2	12	9293511	7485499	2325622	6768919	19,9521	0,879316	-3,94148	-16,0106	0,118529	15582	6886421	22,6598	0,997554	-0,0413537	-22,6184	14,6776
72	15	2048	64	32	12	3	12	11486996	7485499	1915919	6768919	20,5186	0,90428	-3,31867	-17,1999	0,0935034	15582	6886421	22,6598	0,997554	-0,0413537	-22,6184	15,2801
73	10	32	8	4	11	2	12	8621710	7021143	67442	782532	19,5159	0,996837	-0,112403	-19,4035	0,0622642	14200	783333	18,3733	0,938408	-0,0281927	-18,3451	2,21186
73	10	32	8	4	12	2	12	8529492	7021143	33433	782532	19,5519	0,998678	-0,0605424	-19,4914	0,0642255	14200	783333	18,3733	0,938408	-0,0281927	-18,3451	2,21215
73	10	32	8	4	12	3	12	10560017	7021143	27604	782532	19,5575	0,998963	-0,0510736	-19,5064	0,0645299	14200	783333	18,3733	0,938408	-0,0281927	-18,3451	2,61809
73	10	64	8	8	11	2	12	8621710	7021143	134866	782532	19,4538	0,993669	-0,224781	-19,2291	0,0588877	25917	783333	18,3733	0,938408	-0,0519335	-18,3214	2,93186
73	10	64	8	8	12	2	12	8529492	7021143	66841	782532	19,526	0,997355	-0,121045	-19,405	0,0628159	25917	783333	18,3733	0,938408	-0,0519335	-18,3214	2,94513
73	10	64	8	8	12	3	12	10560017	7021143	55159	782532	19,5372	0,997928	-0,102067	-19,4352	0,0634265	25917	783333	18,3733	0,938408	-0,0519335	-18,3214	3,35111
73	10	128	8	16	11	2	12	8621710	7021143	269714	782532	19,3294	0,987311	-0,449535	-18,8798	0,0521127	46451	783333	18,3733	0,938408	-0,0940964	-18,2792	6,83438
73	10	128	8	16	12	2	12	8529492	7021143	133657	782532	19,4741	0,994705	-0,242049	-19,2321	0,0599916	46451	783333	18,3733	0,938408	-0,0940964	-18,2792	6,92227
73	10	128	8	16	12	3	12	10560017	7021143	110263	782532	19,4966	0,995854	-0,204043	-19,2926	0,0612164	46451	783333	18,3733	0,938408	-0,0940964	-18,2792	7,38783
73	10	64	16	4	11	2	12	8621710	7021143	134866	782532	19,4538	0,993669	-0,224781	-19,2291	0,0588877	25917	783333	18,3733	0,938408	-0,0519335	-18,3214	2,1997
73	10	64	16	4	12	2	12	8529492	7021143	66841	782532	19,526	0,997355	-0,121045	-19,405	0,0628159	25917	783333	18,3733	0,938408	-0,0519335	-18,3214	2,18849
73	10	64	16	4	12	3	12	10560017	7021143	55159	782532	19,5372	0,997928	-0,102067	-19,4352	0,0634265	25917	783333	18,3733	0,938408	-0,0519335	-18,3214	2,61494
73	10	128	16	8	11	2	12	8621710	7021143	269714	782532	19,3294	0,987311	-0,449535	-18,8798	0,0521127	46451	783333	18,3733	0,938408	-0,0940964	-18,2792	2,98653
73	10	128	16	8	12	2	12	8529492	7021143	133657	782532	19,4741	0,994705	-0,242049	-19,2321	0,0599916	46451	783333	18,3733	0,938408	-0,0940964	-18,2792	3,00945
73	10	128	16	8	12	3	12	10560017	7021143	110263	782532	19,4966	0,995854	-0,204043	-19,2926	0,0612164	46451	783333	18,3733	0,938408	-0,0940964	-18,2792	3,3865
73	10	256	16	16	11	2	12	8621710	7021143	539372	782532	19,0788	0,974513	-0,898988	-18,1798	0,0384749	83057	783333	18,3733	0,938408	-0,170125	-18,2032	6,9344
73	10	256	16	16	12	2	12	8529492	7021143	267256	782532	19,37	0,989385	-0,484005	-18,886	0,0543233	83057	783333	18,3733	0,938408	-0,170125	-18,2032	6,91097
73	10	256	16	16	12	3	12	10560017	7021143	220471	782532	19,4151	0,991693	-0,407995	-19,0072	0,0567818	83057	783333	18,3733	0,938408	-0,170125	-18,2032	7,39461
73	10	512	32	16	11	2	12	8621710	7021143	1078536	782532	18,5709	0,948571	-1,79767	-16,7732	0,0108296	145453	783333	18,3733	0,938408	-0,301759	-18,0716	6,93901
73	10	512	32	16	12	2	12	8529492	7021143	534280	782532	19,1603	0,978673	-0,967638	-18,1926	0,0429082	145453	783333	18,3733	0,938408	-0,301759	-18,0716	6,93306
73	10	512	32	16	12	3	12	10560017	7021143	440815	782532	19,2512	0,983318	-0,815781	-18,4354	0,0478573	145453	783333	18,3733	0,938408	-0,301759	-18,0716	7,34618
73	10	1024	32	32	11	2	12	8621710	7021143	2156801	782532	17,5242	0,895107	-3,59495	-13,9293	0,0461433	247100	783333	18,3733	0,938408	-0,520475	-17,8529	13,3522
73	10	1024	32	32	12	2	12	8529492	7021143	1068296	782532	18,7341	0,956905	-1,93485	-16,7992	0,0197114	247100	783333	18,3733	0,938408	-0,520475	-17,8529	13,1338
73	10	1024	32	32	12	3	12	10560017	7021143	881192	782532	18,9191	0,966353	-1,63084	-17,2882	0,0297791	247100	783333	18,3733	0,938408	-0,520475	-17,8529	13,5406
73	10	1024	64	16	11	2	12	8621710	7021143	2156782	782532	17,5242	0,895108	-3,59492	-13,9293	0,0461421	247100	783333	18,3733	0,938408	-0,520475	-17,8529	7,01213
73	10	1024	64	16	12	2	12	8529492	7021143	1068295	782532	18,7341	0,956905	-1,93485	-16,7992	0,0197115	247100	783333	18,3733	0,938408	-0,520475	-17,8529	6,97427
73	10	1024	64	16	12	3	12	10560017	7021143	881191	782532	18,9191	0,966353	-1,63084	-17,2882	0,0297791	247100	783333	18,3733	0,938408	-0,520475	-17,8529	7,34275
73	10	2048	64	32	11	2	12	8621710	7021143	4312584	782532	15,2696	0,779946	-7,18841	-8,08122	0,168862	409365	783333	18,3733	0,938408	-0,877111	-17,4962	13,846
73	10	2048	64	32	12	2	12	8529492	7021143	2135837	782532	17,8522	0,911857	-3,86849	-13,9837	0,0282932	409365	783333	18,3733	0,938408	-0,877111	-17,4962	13,3452
73	10	2048	64	32	12	3	12	10560017	7021143	1761832	782532	18,2353	0,931426	-3,26077	-14,9745	0,00744013	409365	783333	18,3733	0,938408	-0,877111	-17,4962	13,5818
73	15	32	8	4	11	2	12	8717478	7021138	68175	6582989	22,5578	0,995915	-0,113474	-22,4443	0,00159536	540	6466420	22,5681	0,997506	-0,00143445	-22,5667	2,20379
73	15	32	8	4	12	2	12	8718746	7021138	34141	6582989	22,6088	0,998169	-0,0616775	-22,5472	0,000664363	540	6466420	22,5681	0,997506	-0,00143445	-22,5667	2,36964
73	15	32	8	4	12	3	12	10774339	7021138	28104	6582989	22,6173	0,998543	-0,0518951	-22,5654	0,00103871	540	6466420	22,5681	0,997506	-0,00143445	-22,5667	2,92613
73	15	64	8	8	11	2	12	8717478	7021138	136335	6582989	22,4651	0,991825	-0,226926	-22,2382	0,00569562	944	6466420	22,5681	0,997506	-0,0025325	-22,5656	3,34116
73	15	64	8	8	12	2	12	8718746	7021138	68255	6582989	22,5674	0,996338	-0,123312	-22,4441	0,00117094	944	6466420	22,5681	0,997506	-0,0025325	-22,5656	3,16481
73	15	64	8	8	12	3	12	10774339	7021138	56200	6582989	22,5843	0,997084	-0,103777	-22,4805	0,00042296	944	6466420	22,5681	0,997506	-0,0025325	-22,5656	3,41791
73	15	128	8	16	11	2	12	8717478	7021138	272655	6582989	22,2794	0,983627	-0,453829	-21,8256	0,0139146	1650	6466420	22,5681	0,997506	-0,00447102	-22,5636	7,01312
73	15	128	8	16	12	2	12	8718746	7021138	136479	6582989	22,4843	0,992673	-0,246574	-22,2378	0,00484587	1650	6466420	22,5681	0,997506	-0,00447102	-22,5636	7,02801
73	15	128	8	16	12	3	12	10774339	7021138	112392	6582989	22,5182	0,994165	-0,207541	-22,3106	0,0033494	1650	6466420	22,5681	0,997506	-0,00447102	-22,5636	7,46266
73	15	64	16	4	11	2	12	8717478	7021138	136335	6582989	22,4651	0,991825	-0,226926	-22,2382	0,00569562	944	6466420	22,5681	0,997506	-0,0025325	-22,5656	2,49857
73	15	64	16	4	12	2	12	8718746	7021138	68255	6582989	22,5674	0,996338	-0,123312	-22,4441	0,00117094	944	6466420	22,5681	0,997506	-0,0025325	-22,5656	2,27204
73	15	64	16	4	12	3	12	10774339	7021138	56200	6582989	22,5843	0,997084	-0,103777	-22,4805	0,00042296	944	6466420	22,5681	0,997506	-0,0025325	-22,5656	2,92825
73	15	128	16	8	11	2	12	8717478	7021138	272655	6582989	22,2794	0,983627	-0,453829	-21,8256	0,0139146	1650	6466420	22,5681	0,997506	-0,00447102	-22,5636	3,19764
73	15	128	16	8	12	2	12	8718746	7021138	136479	6582989	22,4843	0,992673	-0,246574	-22,2378	0,00484587	1650	6466420	22,5681	0,997506	-0,00447102	-22,5636	3,10299
73	15	128	16	8	12	3	12	10774339	7021138	112392	6582989	22,5182	0,994165	-0,207541	-22,3106	0,0033494	1650	6466420	22,5681	0,997506	-0,00447102	-22,5636	3,57832
73	15	256	16	16	11	2	12	8717478	7021138	545292	6582989	21,9063	0,967154	-0,907632	-20,9987	0,0304279	2865	6466420	22,5681	0,997506	-0,00784453	-22,5603	7,29716
73	15	256	16	16	12	2	12	8718746	7021138	272927	6582989	22,3179	0,985323	-0,493098	-21,8248	0,0122142	2865	6466420	22,5681	0,997506	-0,00784453	-22,5603	7,18365
73	15	256	16	16	12	3	12	10774339	7021138	224776	6582989	22,3856	0,988315	-0,415069	-21,9706	0,00921474	2865	6466420	22,5681	0,997506	-0,00784453	-22,5603	7,42774
73	15	512	32	16	11	2	12	8717478	7021138	1090428	6582989	21,1532	0,933903	-1,81504	-19,3382	0,0637622	5008	6466420	22,5681	0,997506	-0,0138499	-22,5543	7,2854
73	15	512	32	16	12	2	12	8718746	7021138	545823	6582989	21,9832	0,970547	-0,986147	-20,9971	0,0270265	5008	6466420	22,5681	0,997506	-0,0138499	-22,5543	7,31757
73	15	512	32	16	12	3	12	10774339	7021138	449544	6582989	22,1194	0,976562	-0,830124	-21,2893	0,0209963	5008	6466420	22,5681	0,997506	-0,0138499	-22,5543	7,63496
73	15	1024	32	32	11	2	12	8717478	7021138	2180485	6582989	19,6153	0,866005	-3,62953	-15,9858	0,13183	8770	6466420	22,5681	0,997506	-0,0244927	-22,5436	13,7914
73	15	1024	32	32	12	2	12	8718746	7021138	1091347	6582989	21,3071	0,940697	-1,97182	-19,3353	0,0569517	8770	6466420	22,5681	0,997506	-0,0244927	-22,5436	13,4683
73	15	1024	32	32	12	3	12	10774339	7021138	899016	6582989	21,5824	0,952851	-1,66013	-19,9222	0,0447672	8770	6466420	22,5681	0,997506	-0,0244927	-22,5436	13,8661
73	15	1024	64	16	11	2	12	8717478	7021138	2180484	6582989	19,6153	0,866006	-3,62953	-15,9858	0,13183	8770	6466420	22,5681	0,997506	-0,0244927	-22,5436	7,66528
73	15	1024	64	16	12	2	12	8718746	7021138	1091337	6582989	21,3071	0,940697	-1,9718	-19,3353	0,0569511	8770	6466420	22,5681	0,997506	-0,0244927	-22,5436	7,26423
73	15	1024	64	16	12	3	12	10774339	7021138	898995	6582989	21,5824	0,952852	-1,6601	-19,9223	0,0447659	8770	6466420	22,5681	0,997506	-0,0244927	-22,5436	7,62803
73	15	2048	64	32	11	2	12	8717478	7021138	4360249	6582989	16,3724	0,722834	-7,25801	-9,1144	0,275359	15433	6466420	22,5681	0,997506	-0,0435077	-22,5246	14,3204
73	15	2048	64	32	12	2	12	8718746	7021138	2181907	6582989	19,9236	0,879616	-3,94237	-15,9812	0,118185	15433	6466420	22,5681	0,997506	-0,0435077	-22,5246	13,8208
73	15	2048	64	32	12	3	12	10774339	7021138	1797145	6582989	20,4885	0,904558	-3,3188	-17,1697	0,0931803	15433	6466420	22,5681	0,997506	-0,0435077	-22,5246	14,0049
82	10	32	8	4	11	2	12	9092401	7460467	71116	758693	19,4722	0,996881	-0,111652	-19,3606	0,0819692	30521	755127	17,9908	0,921358	-0,0528581	-17,9379	2,36812
82	10	32	8	4	12	2	12	8933954	7460467	35620	758693	19,5074	0,998681	-0,0606823	-19,4467	0,0839223	30521	755127	17,9908	0,921358	-0,0528581	-17,9379	2,3113
82	10	32	8	4	12	3	12	11074984	7460467	31716	758693	19,5109	0,99886	-0,0547157	-19,4562	0,084117	30521	755127	17,9908	0,921358	-0,0528581	-17,9379	2,77995
82	10	64	8	8	11	2	12	9092401	7460467	142220	758693	19,4112	0,993756	-0,223288	-19,1879	0,0785776	53489	755127	17,9908	0,921358	-0,0939338	-17,8968	3,10327
82	10	64	8	8	12	2	12	8933954	7460467	70640	758693	19,4821	0,997388	-0,120461	-19,3617	0,0825195	53489	755127	17,9908	0,921358	-0,0939338	-17,8968	3,16365
82	10	64	8	8	12	3	12	11074984	7460467	60700	758693	19,4911	0,997844	-0,105251	-19,3858	0,0830145	53489	755127	17,9908	0,921358	-0,0939338	-17,8968	3,57772
82	10	128	8	16	11	2	12	9092401	7460467	284428	758693	19,2887	0,987486	-0,446559	-18,8422	0,0717724	92236	755127	17,9908	0,921358	-0,164495	-17,8263	7,3308
82	10	128	8	16	12	2	12	8933954	7460467	140656	758693	19,4316	0,994799	-0,239982	-19,1916	0,0797097	92236	755127	17,9908	0,921358	-0,164495	-17,8263	7,38553
82	10	128	8	16	12	3	12	11074984	7460467	118492	758693	19,4515	0,995818	-0,20605	-19,2454	0,0808146	92236	755127	17,9908	0,921358	-0,164495	-17,8263	7,75836
82	10	64	16	4	11	2	12	9092401	7460467	142220	758693	19,4112	0,993756	-0,223288	-19,1879	0,0785776	53489	755127	17,9908	0,921358	-0,0939338	-17,8968	2,32095
82	10	64	16	4	12	2	12	8933954	7460467	70638	758693	19,4821	0,997388	-0,120458	-19,3617	0,0825196	53489	755127	17,9908	0,921358	-0,0939338	-17,8968	2,31116
82	10	64	16	4	12	3	12	11074984	7460467	60684	758693	19,4911	0,997845	-0,105227	-19,3858	0,0830153	53489	755127	17,9908	0,921358	-0,0939338	-17,8968	2,78525
82	10	128	16	8	11	2	12	9092401	7460467	284428	758693	19,2887	0,987486	-0,446559	-18,8422	0,0717724	92236	755127	17,9908	0,921358	-0,164495	-17,8263	3,12164
82	10	128	16	8	12	2	12	8933954	7460467	140656	758693	19,4316	0,994799	-0,239982	-19,1916	0,0797097	92236	755127	17,9908	0,921358	-0,164495	-17,8263	3,15188
82	10	128	16	8	12	3	12	11074984	7460467	118487	758693	19,4515	0,995818	-0,206042	-19,2454	0,0808149	92236	755127	17,9908	0,921358	-0,164495	-17,8263	3,5531
82	10	256	16	16	11	2	12	9092401	7460467	568833	758693	19,0422	0,974863	-0,893087	-18,1491	0,058072	155624	755127	17,9908	0,921358	-0,282401	-17,7084	7,36953
82	10	256	16	16	12	2	12	8933954	7460467	280670	758693	19,3301	0,989603	-0,478998	-18,8511	0,0740697	155624	755127	17,9908	0,921358	-0,282401	-17,7084	7,51037
82	10	256	16	16	12	3	12	11074984	7460467	233978	758693	19,3721	0,991755	-0,407495	-18,9646	0,0764052	155624	755127	17,9908	0,921358	-0,282401	-17,7084	8,46893
82	10	512	32	16	11	2	12	9092401	7460467	1137449	758693	18,5424	0,949277	-1,78588	-16,7565	0,0303019	258358	755127	17,9908	0,921358	-0,477646	-17,5131	7,4581
82	10	512	32	16	12	2	12	8933954	7460467	560510	758693	19,1257	0,979139	-0,956744	-18,1689	0,0627124	258358	755127	17,9908	0,921358	-0,477646	-17,5131	7,43771
82	10	512	32	16	12	3	12	11074984	7460467	464890	758693	19,2124	0,983578	-0,810292	-18,4021	0,0675308	258358	755127	17,9908	0,921358	-0,477646	-17,5131	7,98019
82	10	1024	32	32	11	2	12	9092401	7460467	2274601	758693	17,5124	0,89655	-3,57134	-13,9411	0,026926	417454	755127	17,9908	0,921358	-0,787878	-17,2029	14,1417
82	10	1024	32	32	12	2	12	8933954	7460467	1120124	758693	18,7104	0,957877	-1,91214	-16,7982	0,0396362	417454	755127	17,9908	0,921358	-0,787878	-17,2029	13,9267
82	10	1024	32	32	12	3	12	11074984	7460467	926694	758693	18,8886	0,967002	-1,61586	-17,2727	0,0495393	417454	755127	17,9908	0,921358	-0,787878	-17,2029	14,3513
82	10	1024	64	16	11	2	12	9092401	7460467	2274590	758693	17,5125	0,89655	-3,57133	-13,9411	0,0269253	417454	755127	17,9908	0,921358	-0,787878	-17,2029	7,40156
82	10	1024	64	16	12	2	12	8933954	7460467	1120109	758693	18,7104	0,957878	-1,91211	-16,7983	0,039637	417454	755127	17,9908	0,921358	-0,787878	-17,2029	7,38323
82	10	1024	64	16	12	3	12	11074984	7460467	926645	758693	18,8886	0,967004	-1,61578	-17,2729	0,0495418	417454	755127	17,9908	0,921358	-0,787878	-17,2029	7,87301
82	10	2048	64	32	11	2	12	9092401	7460467	4548286	758693	15,2944	0,782997	-7,14142	-8,15298	0,150171	664652	755127	17,9908	0,921358	-1,28193	-16,7088	14,4745
82	10	2048	64	32	12	2	12	8933954	7460467	2238710	758693	17,8512	0,913893	-3,82195	-14,0293	0,00810289	664652	755127	17,9908	0,921358	-1,28193	-16,7088	13,998
82	10	2048	64	32	12	3	12	11074984	7460467	1849496	758693	18,2227	0,93291	-3,22573	-14,997	0,0125382	664652	755127	17,9908	0,921358	-1,28193	-16,7088	14,3837
82	15	32	8	4	11	2	12	9260676	7460462	72418	6613513	22,5644	0,995915	-0,113442	-22,451	0,000477389	762	6535074	22,5365	0,99544	-0,0018644	-22,5347	2,34077
82	15	32	8	4	12	2	12	9258818	7460462	36242	6613513	22,6155	0,99817	-0,0616244	-22,5539	0,00274318	762	6535074	22,5365	0,99544	-0,0018644	-22,5347	2,4913
82	15	32	8	4	12	3	12	11448007	7460462	29859	6613513	22,624	0,998542	-0,0518896	-22,5721	0,00311656	762	6535074	22,5365	0,99544	-0,0018644	-22,5347	3,00873
82	15	64	8	8	11	2	12	9260676	7460462	144834	6613513	22,4717	0,991824	-0,226882	-22,2449	0,00363245	1424	6535074	22,5365	0,99544	-0,00350235	-22,533	3,20717
82	15	64	8	8	12	2	12	9258818	7460462	72468	6613513	22,5741	0,99634	-0,123225	-22,4508	0,000904507	1424	6535074	22,5365	0,99544	-0,00350235	-22,533	3,33384
82	15	64	8	8	12	3	12	11448007	7460462	59715	6613513	22,5909	0,997083	-0,103775	-22,4871	0,00165099	1424	6535074	22,5365	0,99544	-0,00350235	-22,533	3,63035
82	15	128	8	16	11	2	12	9260676	7460462	289664	6613513	22,2859	0,983623	-0,453759	-21,8322	0,0118705	2606	6535074	22,5365	0,99544	-0,00645294	-22,5301	7,68567
82	15	128	8	16	12	2	12	9258818	7460462	144916	6613513	22,491	0,992675	-0,246419	-22,2446	0,00277716	2606	6535074	22,5365	0,99544	-0,00645294	-22,5301	7,4735
82	15	128	8	16	12	3	12	11448007	7460462	119427	6613513	22,5247	0,994162	-0,207545	-22,3172	0,00128326	2606	6535074	22,5365	0,99544	-0,00645294	-22,5301	7,86243
82	15	64	16	4	11	2	12	9260676	7460462	144834	6613513	22,4717	0,991824	-0,226882	-22,2449	0,00363245	1424	6535074	22,5365	0,99544	-0,00350235	-22,533	2,34731
82	15	64	16	4	12	2	12	9258818	7460462	72467	6613513	22,5741	0,99634	-0,123223	-22,4508	0,000904566	1424	6535074	22,5365	0,99544	-0,00350235	-22,533	2,55682
82	15	64	16	4	12	3	12	11448007	7460462	59715	6613513	22,5909	0,997083	-0,103775	-22,4871	0,00165099	1424	6535074	22,5365	0,99544	-0,00350235	-22,533	2,94957
82	15	128	16	8	11	2	12	9260676	7460462	289661	6613513	22,2859	0,983623	-0,453754	-21,8322	0,0118703	2606	6535074	22,5365	0,99544	-0,00645294	-22,5301	3,3164
82	15	128	16	8	12	2	12	9258818	7460462	144916	6613513	22,491	0,992675	-0,246419	-22,2446	0,00277716	2606	6535074	22,5365	0,99544	-0,00645294	-22,5301	3,36188
82	15	128	16	8	12	3	12	11448007	7460462	119427	6613513	22,5247	0,994162	-0,207545	-22,3172	0,00128326	2606	6535074	22,5365	0,99544	-0,00645294	-22,5301	3,82566
82	15	256	16	16	11	2	12	9260676	7460462	579216	6613513	21,9128	0,967154	-0,907363	-21,0054	0,0284151	4750	6535074	22,5365	0,99544	-0,0118452	-22,5247	7,62174
82	15	256	16	16	12	2	12	9258818	7460462	289812	6613513	22,3245	0,985327	-0,492808	-21,8317	0,010159	4750	6535074	22,5365	0,99544	-0,0118452	-22,5247	7,52176
82	15	256	16	16	12	3	12	11448007	7460462	238851	6613513	22,3921	0,988308	-0,415085	-21,977	0,00716424	4750	6535074	22,5365	0,99544	-0,0118452	-22,5247	7,99213
82	15	512	32	16	11	2	12	9260676	7460462	1158288	6613513	21,1594	0,933901	-1,81453	-19,3449	0,0618201	8484	6535074	22,5365	0,99544	-0,0213363	-22,5152	7,69235
82	15	512	32	16	12	2	12	9258818	7460462	579590	6613513	21,9899	0,970556	-0,985565	-21,0043	0,0249975	8484	6535074	22,5365	0,99544	-0,0213363	-22,5152	8,06902
82	15	512	32	16	12	3	12	11448007	7460462	477685	6613513	22,1257	0,97655	-0,830143	-21,2955	0,0189764	8484	6535074	22,5365	0,99544	-0,0213363	-22,5152	8,12857
82	15	1024	32	32	11	2	12	9260676	7460462	2316385	6613513	19,6207	0,86599	-3,6288	-15,9919	0,130043	14914	6535074	22,5365	0,99544	-0,0378657	-22,4987	14,5623
82	15	1024	32	32	12	2	12	9258818	7460462	1158833	6613513	21,3138	0,940717	-1,97061	-19,3432	0,0549735	14914	6535074	22,5365	0,99544	-0,0378657	-22,4987	14,1279
82	15	1024	32	32	12	3	12	11448007	7460462	954998	6613513	21,5885	0,952843	-1,65971	-19,9288	0,0427919	14914	6535074	22,5365	0,99544	-0,0378657	-22,4987	15,2033
82	15	1024	64	16	11	2	12	9260676	7460462	2316360	6613513	19,6208	0,865992	-3,62876	-15,992	0,130041	14914	6535074	22,5365	0,99544	-0,0378657	-22,4987	7,67238
82	15	1024	64	16	12	2	12	9258818	7460462	1158829	6613513	21,3138	0,940717	-1,9706	-19,3432	0,0549732	14914	6535074	22,5365	0,99544	-0,0378657	-22,4987	7,7474
82	15	1024	64	16	12	3	12	11448007	7460462	954996	6613513	21,5885	0,952843	-1,65971	-19,9288	0,0427918	14914	6535074	22,5365	0,99544	-0,0378657	-22,4987	7,92046
82	15	2048	64	32	11	2	12	9260676	7460462	4631772	6613513	16,3771	0,722828	-7,25622	-9,12089	0,27386	25775	6535074	22,5365	0,99544	-0,0661396	-22,4704	15,836
82	15	2048	64	32	12	2	12	9258818	7460462	2316976	6613513	19,9302	0,87965	-3,94017	-15,9901	0,11632	25775	6535074	22,5365	0,99544	-0,0661396	-22,4704	14,6568
82	15	2048	64	32	12	3	12	11448007	7460462	1909367	6613513	20,4938	0,904525	-3,31845	-17,1754	0,0913312	25775	6535074	22,5365	0,99544	-0,0661396	-22,4704	14,6834
83	10	32	8	4	11	2	12	8958541	7407494	70273	737768	19,4326	0,996913	-0,111183	-19,3214	0,0917854	49329	740118	17,8031	0,913103	-0,0813028	-17,7218	2,35486
83	10	32	8	4	12	2	12	8778722	7407494	50329	737768	19,4528	0,997949	-0,0827559	-19,3701	0,0929204	49329	740118	17,8031	0,913103	-0,0813028	-17,7218	2,46807
83	10	32	8	4	12	3	12	10920917	7407494	48377	737768	19,4547	0,998045	-0,079866	-19,3748	0,0930255	49329	740118	17,8031	0,913103	-0,0813028	-17,7218	2,84056
83	10	64	8	8	11	2	12	8958541	7407494	140349	737768	19,3725	0,993829	-0,222093	-19,1504	0,0884086	82548	740118	17,8031	0,913103	-0,138693	-17,6644	3,12565
83	10	64	8	8	12	2	12	8778722	7407494	89208	737768	19,4239	0,996467	-0,148729	-19,2752	0,0912969	82548	740118	17,8031	0,913103	-0,138693	-17,6644	3,17967
83	10	64	8	8	12	3	12	10920917	7407494	82523	737768	19,4301	0,996785	-0,138638	-19,2915	0,0916459	82548	740118	17,8031	0,913103	-0,138693	-17,6644	3,58086
83	10	128	8	16	11	2	12	8958541	7407494	280477	737768	19,252	0,987644	-0,44388	-18,8081	0,0816344	136310	740118	17,8031	0,913103	-0,233795	-17,5693	7,46408
83	10	128	8	16	12	2	12	8778722	7407494	159672	737768	19,3728	0,993845	-0,269679	-19,1031	0,0884256	136310	740118	17,8031	0,913103	-0,233795	-17,5693	7,09052
83	10	128	8	16	12	3	12	10920917	7407494	141282	737768	19,3896	0,994706	-0,241574	-19,148	0,0893683	136310	740118	17,8031	0,913103	-0,233795	-17,5693	7,5168
83	10	64	16	4	11	2	12	8958541	7407494	140347	737768	19,3725	0,993829	-0,22209	-19,1504	0,0884087	82548	740118	17,8031	0,913103	-0,138693	-17,6644	2,3225
83	10	64	16	4	12	2	12	8778722	7407494	88434	737768	19,4247	0,996504	-0,147561	-19,2771	0,0913373	82548	740118	17,8031	0,913103	-0,138693	-17,6644	2,31471
83	10	64	16	4	12	3	12	10920917	7407494	81831	737768	19,4308	0,996818	-0,137577	-19,2932	0,0916812	82548	740118	17,8031	0,913103	-0,138693	-17,6644	2,84175
83	10	128	16	8	11	2	12	8958541	7407494	280472	737768	19,252	0,987644	-0,443873	-18,8081	0,0816347	136310	740118	17,8031	0,913103	-0,233795	-17,5693	3,18503
83	10	128	16	8	12	2	12	8778722	7407494	159645	737768	19,3729	0,993846	-0,269638	-19,1032	0,088427	136310	740118	17,8031	0,913103	-0,233795	-17,5693	3,19053
83	10	128	16	8	12	3	12	10920917	7407494	140952	737768	19,3899	0,994721	-0,241059	-19,1488	0,0893846	136310	740118	17,8031	0,913103	-0,233795	-17,5693	3,59525
83	10	256	16	16	11	2	12	8958541	7407494	560669	737768	19,0093	0,975194	-0,887365	-18,1219	0,0679997	221181	740118	17,8031	0,913103	-0,387825	-17,4153	7,52127
83	10	256	16	16	12	2	12	8778722	7407494	296938	737768	19,2736	0,988755	-0,506019	-18,7676	0,0828514	221181	740118	17,8031	0,913103	-0,387825	-17,4153	7,13058
83	10	256	16	16	12	3	12	10920917	7407494	254627	737768	19,312	0,990722	-0,440954	-18,871	0,0850058	221181	740118	17,8031	0,913103	-0,387825	-17,4153	7,64396
83	10	512	32	16	11	2	12	8958541	7407494	1121033	737768	18,5172	0,949949	-1,77431	-16,7429	0,0403526	353067	740118	17,8031	0,913103	-0,633649	-17,1695	7,50551
83	10	512	32	16	12	2	12	8778722	7407494	571198	737768	19,0739	0,97851	-0,978282	-18,0956	0,0716311	353067	740118	17,8031	0,913103	-0,633649	-17,1695	7,34824
83	10	512	32	16	12	3	12	10920917	7407494	480781	737768	19,1561	0,982727	-0,838876	-18,3172	0,0762495	353067	740118	17,8031	0,913103	-0,633649	-17,1695	8,04676
83	10	1024	32	32	11	2	12	8958541	7407494	2241400	737768	17,5035	0,897944	-3,54769	-13,9558	0,0166016	547970	740118	17,8031	0,913103	-1,0084	-16,7947	14,2862
83	10	1024	32	32	12	2	12	8778722	7407494	1119508	737768	18,6683	0,957701	-1,92249	-16,7458	0,0488416	547970	740118	17,8031	0,913103	-1,0084	-16,7947	13,678
83	10	1024	32	32	12	3	12	10920917	7407494	932883	737768	18,8403	0,966526	-1,6344	-17,2059	0,0585071	547970	740118	17,8031	0,913103	-1,0084	-16,7947	14,1619
83	10	1024	64	16	11	2	12	8958541	7407494	2241394	737768	17,5035	0,897944	-3,54768	-13,9558	0,0166012	547970	740118	17,8031	0,913103	-1,0084	-16,7947	7,41417
83	10	1024	64	16	12	2	12	8778722	7407494	1119489	737768	18,6683	0,957701	-1,92246	-16,7458	0,0488426	547970	740118	17,8031	0,913103	-1,0084	-16,7947	7,35565
83	10	1024	64	16	12	3	12	10920917	7407494	932883	737768	18,8403	0,966526	-1,6344	-17,2059	0,0585071	547970	740118	17,8031	0,913103	-1,0084	-16,7947	8,01236
83	10	2048	64	32	11	2	12	8958541	7407494	4481742	737768	15,3208	0,78597	-7,09391	-8,22686	0,139232	836452	740118	17,8031	0,913103	-1,57996	-16,2232	14,348
83	10	2048	64	32	12	2	12	8778722	7407494	2215297	737768	17,8294	0,914666	-3,80963	-14,0198	0,00171147	836452	740118	17,8031	0,913103	-1,57996	-16,2232	13,7976
83	10	2048	64	32	12	3	12	10920917	7407494	1836906	737768	18,1903	0,933182	-3,22516	-14,9652	0,0219893	836452	740118	17,8031	0,913103	-1,57996	-16,2232	14,2546
83	15	32	8	4	11	2	12	9189024	7407489	71894	6290232	22,4928	0,995933	-0,113429	-22,3794	0,0024786	1453	6302708	22,4401	0,993471	-0,00339468	-22,4367	2,34359
83	15	32	8	4	12	2	12	9189044	7407489	35997	6290232	22,5436	0,998179	-0,0616431	-22,4819	0,00473914	1453	6302708	22,4401	0,993471	-0,00339468	-22,4367	2,48069
83	15	32	8	4	12	3	12	11363358	7407489	29677	6290232	22,5519	0,998548	-0,0519363	-22,5	0,0051107	1453	6302708	22,4401	0,993471	-0,00339468	-22,4367	2,89153
83	15	64	8	8	11	2	12	9189024	7407489	143742	6290232	22,4009	0,991864	-0,226794	-22,1741	0,00161777	2671	6302708	22,4401	0,993471	-0,00628358	-22,4338	3,29887
83	15	64	8	8	12	2	12	9189044	7407489	71965	6290232	22,5024	0,996359	-0,123242	-22,3792	0,00290661	2671	6302708	22,4401	0,993471	-0,00628358	-22,4338	3,235
83	15	64	8	8	12	3	12	11363358	7407489	59309	6290232	22,5191	0,997098	-0,103803	-22,4153	0,0036511	2671	6302708	22,4401	0,993471	-0,00628358	-22,4338	3,74463
83	15	128	8	16	11	2	12	9189024	7407489	287422	6290232	22,2167	0,983707	-0,453502	-21,7632	0,009828	4794	6302708	22,4401	0,993471	-0,0113757	-22,4287	7,75329
83	15	128	8	16	12	2	12	9189044	7407489	143901	6290232	22,4201	0,992713	-0,24644	-22,1737	0,000763052	4794	6302708	22,4401	0,993471	-0,0113757	-22,4287	7,80382
83	15	128	8	16	12	3	12	11363358	7407489	118573	6290232	22,4536	0,994195	-0,207535	-22,246	0,000728778	4794	6302708	22,4401	0,993471	-0,0113757	-22,4287	8,05614
83	15	64	16	4	11	2	12	9189024	7407489	143742	6290232	22,4009	0,991864	-0,226794	-22,1741	0,00161777	2671	6302708	22,4401	0,993471	-0,00628358	-22,4338	2,39107
83	15	64	16	4	12	2	12	9189044	7407489	71965	6290232	22,5024	0,996359	-0,123242	-22,3792	0,00290661	2671	6302708	22,4401	0,993471	-0,00628358	-22,4338	2,39471
83	15	64	16	4	12	3	12	11363358	7407489	59309	6290232	22,5191	0,997098	-0,103803	-22,4153	0,0036511	2671	6302708	22,4401	0,993471	-0,00628358	-22,4338	2,91534
83	15	128	16	8	11	2	12	9189024	7407489	287422	6290232	22,2167	0,983707	-0,453502	-21,7632	0,009828	4794	6302708	22,4401	0,993471	-0,0113757	-22,4287	3,30539
83	15	128	16	8	12	2	12	9189044	7407489	143901	6290232	22,4201	0,992713	-0,24644	-22,1737	0,000763052	4794	6302708	22,4401	0,993471	-0,0113757	-22,4287	3,24849
83	15	128	16	8	12	3	12	11363358	7407489	118573	6290232	22,4536	0,994195	-0,207535	-22,246	0,000728778	4794	6302708	22,4401	0,993471	-0,0113757	-22,4287	3,75519
83	15	256	16	16	11	2	12	9189024	7407489	574782	6290232	21,8466	0,967318	-0,906919	-20,9397	0,0263244	8439	6302708	22,4401	0,993471	-0,0202266	-22,4198	7,7278
83	15	256	16	16	12	2	12	9189044	7407489	287696	6290232	22,2551	0,985408	-0,49272	-21,7624	0,00811633	8439	6302708	22,4401	0,993471	-0,0202266	-22,4198	7,66083
83	15	256	16	16	12	3	12	11363358	7407489	237101	6290232	22,3222	0,988376	-0,415001	-21,9072	0,00512841	8439	6302708	22,4401	0,993471	-0,0202266	-22,4198	8,17599
83	15	512	32	16	11	2	12	9189024	7407489	1149450	6290232	21,0992	0,934228	-1,81368	-19,2856	0,0596329	14588	6302708	22,4401	0,993471	-0,0353614	-22,4047	7,88633
83	15	512	32	16	12	2	12	9189044	7407489	575184	6290232	21,9236	0,970728	-0,985124	-20,9385	0,0228927	14588	6302708	22,4401	0,993471	-0,0353614	-22,4047	7,67936
83	15	512	32	16	12	3	12	11363358	7407489	474157	6290232	22,0582	0,976687	-0,829931	-21,2282	0,016894	14588	6302708	22,4401	0,993471	-0,0353614	-22,4047	8,03073
83	15	1024	32	32	11	2	12	9189024	7407489	2298417	6290232	19,5732	0,866659	-3,62669	-15,9465	0,127646	24798	6302708	22,4401	0,993471	-0,0608611	-22,3792	14,7405
83	15	1024	32	32	12	2	12	9189044	7407489	1150160	6290232	21,2533	0,941051	-1,96993	-19,2834	0,0527647	24798	6302708	22,4401	0,993471	-0,0608611	-22,3792	14,2406
83	15	1024	32	32	12	3	12	11363358	7407489	948104	6290232	21,5256	0,953108	-1,65954	-19,8661	0,0406284	24798	6302708	22,4401	0,993471	-0,0608611	-22,3792	14,5245
83	15	1024	64	16	11	2	12	9189024	7407489	2298417	6290232	19,5732	0,866659	-3,62669	-15,9465	0,127646	24798	6302708	22,4401	0,993471	-0,0608611	-22,3792	7,88789
83	15	1024	64	16	12	2	12	9189044	7407489	1150155	6290232	21,2533	0,941051	-1,96992	-19,2834	0,0527644	24798	6302708	22,4401	0,993471	-0,0608611	-22,3792	7,81478
83	15	1024	64	16	12	3	12	11363358	7407489	948072	6290232	21,5257	0,95311	-1,65949	-19,8662	0,0406265	24798	6302708	22,4401	0,993471	-0,0608611	-22,3792	7,96623
83	15	2048	64	32	11	2	12	9189024	7407489	4596096	6290232	16,3543	0,724133	-7,25237	-9,10195	0,271108	41509	6302708	22,4401	0,993471	-0,103249	-22,3368	15,3998
83	15	2048	64	32	12	2	12	9189044	7407489	2299688	6290232	19,8815	0,880311	-3,93891	-15,9426	0,113904	41509	6302708	22,4401	0,993471	-0,103249	-22,3368	14,6402
83	15	2048	64	32	12	3	12	11363358	7407489	1895325	6290232	20,4406	0,905067	-3,3177	-17,123	0,0889851	41509	6302708	22,4401	0,993471	-0,103249	-22,3368	14,8105
